   1.8000000e+01   1.4200000e+02
   1.7933333e+01   1.4200000e+02
   1.7870914e+01   1.4200000e+02
   1.7812696e+01   1.4200000e+02
   1.7758593e+01   1.4200000e+02
   1.7708477e+01   1.4200000e+02
   1.7662187e+01   1.4200000e+02
   1.7619533e+01   1.4200000e+02
   1.7580304e+01   1.4200000e+02
   1.7544272e+01   1.4200000e+02
   1.7511203e+01   1.4200000e+02
   1.7480858e+01   1.4200000e+02
   1.7453000e+01   1.4200000e+02
   1.7427400e+01   1.4200000e+02
   1.7403838e+01   1.4200000e+02
   1.7382105e+01   1.4200000e+02
   1.7362008e+01   1.4200000e+02
   1.7343366e+01   1.4200000e+02
   1.7326015e+01   1.4200000e+02
   1.7309806e+01   1.4200000e+02
   1.7294602e+01   1.4200000e+02
   1.7280283e+01   1.4200000e+02
   1.7266741e+01   1.4200000e+02
   1.7253877e+01   1.4200000e+02
   1.7241608e+01   1.4200000e+02
   1.7229858e+01   1.4200000e+02
   1.7218559e+01   1.4200000e+02
   1.7207654e+01   1.4200000e+02
   1.7197092e+01   1.4200000e+02
   1.7186827e+01   1.4200000e+02
   1.7176820e+01   1.4200000e+02
   1.7167038e+01   1.4200000e+02
   1.7157450e+01   1.4200000e+02
   1.7148031e+01   1.4200000e+02
   1.7138758e+01   1.4200000e+02
   1.7129612e+01   1.4200000e+02
   1.7120575e+01   1.4200000e+02
   1.7111633e+01   1.4200000e+02
   1.7102774e+01   1.4200000e+02
   1.7093986e+01   1.4200000e+02
   1.7085259e+01   1.4200000e+02
   1.7076585e+01   1.4200000e+02
   1.7067958e+01   1.4200000e+02
   1.7059370e+01   1.4200000e+02
   1.7050817e+01   1.4200000e+02
   1.7042294e+01   1.4200000e+02
   1.7033796e+01   1.4200000e+02
   1.7025321e+01   1.4200000e+02
   1.7016865e+01   1.4200000e+02
   1.7008425e+01   1.4200000e+02
   1.7000000e+01   1.4200000e+02
   1.6991667e+01   1.4200000e+02
   1.6983333e+01   1.4200000e+02
   1.6975000e+01   1.4200000e+02
   1.6966667e+01   1.4200000e+02
   1.6958333e+01   1.4200000e+02
   1.6950000e+01   1.4200000e+02
   1.6941667e+01   1.4200000e+02
   1.6933333e+01   1.4200000e+02
   1.6925000e+01   1.4200000e+02
   1.6916667e+01   1.4200000e+02
   1.6908333e+01   1.4200000e+02
   1.6900000e+01   1.4200000e+02
   1.6891667e+01   1.4200000e+02
   1.6883333e+01   1.4200000e+02
   1.6875000e+01   1.4200000e+02
   1.6866667e+01   1.4200000e+02
   1.6858333e+01   1.4200000e+02
   1.6850000e+01   1.4200000e+02
   1.6841667e+01   1.4200000e+02
   1.6833333e+01   1.4200000e+02
   1.6825000e+01   1.4200000e+02
   1.6816667e+01   1.4200000e+02
   1.6808333e+01   1.4200000e+02
   1.6800000e+01   1.4200000e+02
   1.6791667e+01   1.4200000e+02
   1.6783333e+01   1.4200000e+02
   1.6775000e+01   1.4200000e+02
   1.6766667e+01   1.4200000e+02
   1.6758333e+01   1.4200000e+02
   1.6750000e+01   1.4200000e+02
   1.6741667e+01   1.4200000e+02
   1.6733333e+01   1.4200000e+02
   1.6725000e+01   1.4200000e+02
   1.6716667e+01   1.4200000e+02
   1.6708333e+01   1.4200000e+02
   1.6700000e+01   1.4200000e+02
   1.6691667e+01   1.4200000e+02
   1.6683333e+01   1.4200000e+02
   1.6675000e+01   1.4200000e+02
   1.6666667e+01   1.4200000e+02
   1.6658333e+01   1.4200000e+02
   1.6650000e+01   1.4200000e+02
   1.6641667e+01   1.4200000e+02
   1.6633333e+01   1.4200000e+02
   1.6625000e+01   1.4200000e+02
   1.6616667e+01   1.4200000e+02
   1.6608333e+01   1.4200000e+02
   1.6600000e+01   1.4200000e+02
   1.6591667e+01   1.4200000e+02
   1.6583333e+01   1.4200000e+02
   1.6575000e+01   1.4200000e+02
   1.6566667e+01   1.4200000e+02
   1.6558333e+01   1.4200000e+02
   1.6550000e+01   1.4200000e+02
   1.6541667e+01   1.4200000e+02
   1.6533333e+01   1.4200000e+02
   1.6525000e+01   1.4200000e+02
   1.6516667e+01   1.4200000e+02
   1.6508333e+01   1.4200000e+02
   1.6500000e+01   1.4200000e+02
   1.6491667e+01   1.4200000e+02
   1.6483333e+01   1.4200000e+02
   1.6475000e+01   1.4200000e+02
   1.6466667e+01   1.4200000e+02
   1.6458333e+01   1.4200000e+02
   1.6450000e+01   1.4200000e+02
   1.6441667e+01   1.4200000e+02
   1.6433333e+01   1.4200000e+02
   1.6425000e+01   1.4200000e+02
   1.6416667e+01   1.4200000e+02
   1.6408333e+01   1.4200000e+02
   1.6400000e+01   1.4200000e+02
   1.6391667e+01   1.4200000e+02
   1.6383333e+01   1.4200000e+02
   1.6375000e+01   1.4200000e+02
   1.6366667e+01   1.4200000e+02
   1.6358333e+01   1.4200000e+02
   1.6350000e+01   1.4200000e+02
   1.6341667e+01   1.4200000e+02
   1.6333333e+01   1.4200000e+02
   1.6325000e+01   1.4200000e+02
   1.6316667e+01   1.4200000e+02
   1.6308333e+01   1.4200000e+02
   1.6300000e+01   1.4200000e+02
   1.6291667e+01   1.4200000e+02
   1.6283333e+01   1.4200000e+02
   1.6275000e+01   1.4200000e+02
   1.6266667e+01   1.4200000e+02
   1.6258333e+01   1.4200000e+02
   1.6250000e+01   1.4200000e+02
   1.6241667e+01   1.4200000e+02
   1.6233333e+01   1.4200000e+02
   1.6225000e+01   1.4200000e+02
   1.6216667e+01   1.4200000e+02
   1.6208333e+01   1.4200000e+02
   1.6200000e+01   1.4200000e+02
   1.6191667e+01   1.4200000e+02
   1.6183333e+01   1.4200000e+02
   1.6175000e+01   1.4200000e+02
   1.6166667e+01   1.4200000e+02
   1.6158333e+01   1.4200000e+02
   1.6150000e+01   1.4200000e+02
   1.6141667e+01   1.4200000e+02
   1.6133333e+01   1.4200000e+02
   1.6125000e+01   1.4200000e+02
   1.6116667e+01   1.4200000e+02
   1.6108333e+01   1.4200000e+02
   1.6100000e+01   1.4200000e+02
   1.6091667e+01   1.4200000e+02
   1.6083333e+01   1.4200000e+02
   1.6075000e+01   1.4200000e+02
   1.6066667e+01   1.4200000e+02
   1.6058333e+01   1.4200000e+02
   1.6050000e+01   1.4200000e+02
   1.6041667e+01   1.4200000e+02
   1.6033333e+01   1.4200000e+02
   1.6025000e+01   1.4200000e+02
   1.6016667e+01   1.4200000e+02
   1.6008333e+01   1.4200000e+02
   1.6000000e+01   1.4200000e+02
   1.5991667e+01   1.4200000e+02
   1.5983333e+01   1.4200000e+02
   1.5975000e+01   1.4200000e+02
   1.5966667e+01   1.4200000e+02
   1.5958333e+01   1.4200000e+02
   1.5950000e+01   1.4200000e+02
   1.5941667e+01   1.4200000e+02
   1.5933333e+01   1.4200000e+02
   1.5925000e+01   1.4200000e+02
   1.5916667e+01   1.4200000e+02
   1.5908333e+01   1.4200000e+02
   1.5900000e+01   1.4200000e+02
   1.5891667e+01   1.4200000e+02
   1.5883333e+01   1.4200000e+02
   1.5875000e+01   1.4200000e+02
   1.5866667e+01   1.4200000e+02
   1.5858333e+01   1.4200000e+02
   1.5850000e+01   1.4200000e+02
   1.5841667e+01   1.4200000e+02
   1.5833333e+01   1.4200000e+02
   1.5825000e+01   1.4200000e+02
   1.5816667e+01   1.4200000e+02
   1.5808333e+01   1.4200000e+02
   1.5800000e+01   1.4200000e+02
   1.5791667e+01   1.4200000e+02
   1.5783333e+01   1.4200000e+02
   1.5775000e+01   1.4200000e+02
   1.5766667e+01   1.4200000e+02
   1.5758333e+01   1.4200000e+02
   1.5750000e+01   1.4200000e+02
   1.5741667e+01   1.4200000e+02
   1.5733333e+01   1.4200000e+02
   1.5725000e+01   1.4200000e+02
   1.5716667e+01   1.4200000e+02
   1.5708333e+01   1.4200000e+02
   1.5700000e+01   1.4200000e+02
   1.5691667e+01   1.4200000e+02
   1.5683333e+01   1.4200000e+02
   1.5675000e+01   1.4200000e+02
   1.5666667e+01   1.4200000e+02
   1.5658333e+01   1.4200000e+02
   1.5650000e+01   1.4200000e+02
   1.5641667e+01   1.4200000e+02
   1.5633333e+01   1.4200000e+02
   1.5625000e+01   1.4200000e+02
   1.5616667e+01   1.4200000e+02
   1.5608333e+01   1.4200000e+02
   1.5600000e+01   1.4200000e+02
   1.5591667e+01   1.4200000e+02
   1.5583333e+01   1.4200000e+02
   1.5575000e+01   1.4200000e+02
   1.5566667e+01   1.4200000e+02
   1.5558333e+01   1.4200000e+02
   1.5550000e+01   1.4200000e+02
   1.5541667e+01   1.4200000e+02
   1.5533333e+01   1.4200000e+02
   1.5525000e+01   1.4200000e+02
   1.5516667e+01   1.4200000e+02
   1.5508333e+01   1.4200000e+02
   1.5500000e+01   1.4200000e+02
   1.5491667e+01   1.4200000e+02
   1.5483333e+01   1.4200000e+02
   1.5475000e+01   1.4200000e+02
   1.5466667e+01   1.4200000e+02
   1.5458333e+01   1.4200000e+02
   1.5450000e+01   1.4200000e+02
   1.5441667e+01   1.4200000e+02
   1.5433333e+01   1.4200000e+02
   1.5425000e+01   1.4200000e+02
   1.5416667e+01   1.4200000e+02
   1.5408333e+01   1.4200000e+02
   1.5400000e+01   1.4200000e+02
   1.5391667e+01   1.4200000e+02
   1.5383333e+01   1.4200000e+02
   1.5375000e+01   1.4200000e+02
   1.5366667e+01   1.4200000e+02
   1.5358333e+01   1.4200000e+02
   1.5350000e+01   1.4200000e+02
   1.5341667e+01   1.4200000e+02
   1.5333333e+01   1.4200000e+02
   1.5325000e+01   1.4200000e+02
   1.5316667e+01   1.4200000e+02
   1.5308333e+01   1.4200000e+02
   1.5300000e+01   1.4200000e+02
   1.5291667e+01   1.4200000e+02
   1.5283333e+01   1.4200000e+02
   1.5275000e+01   1.4200000e+02
   1.5266667e+01   1.4200000e+02
   1.5258333e+01   1.4200000e+02
   1.5250000e+01   1.4200000e+02
   1.5241667e+01   1.4200000e+02
   1.5233333e+01   1.4200000e+02
   1.5225000e+01   1.4200000e+02
   1.5216667e+01   1.4200000e+02
   1.5208333e+01   1.4200000e+02
   1.5200000e+01   1.4200000e+02
   1.5191667e+01   1.4200000e+02
   1.5183333e+01   1.4200000e+02
   1.5175000e+01   1.4200000e+02
   1.5166667e+01   1.4200000e+02
   1.5158333e+01   1.4200000e+02
   1.5150000e+01   1.4200000e+02
   1.5141667e+01   1.4200000e+02
   1.5133333e+01   1.4200000e+02
   1.5125000e+01   1.4200000e+02
   1.5116667e+01   1.4200000e+02
   1.5108333e+01   1.4200000e+02
   1.5100000e+01   1.4200000e+02
   1.5091667e+01   1.4200000e+02
   1.5083333e+01   1.4200000e+02
   1.5075000e+01   1.4200000e+02
   1.5066667e+01   1.4200000e+02
   1.5058333e+01   1.4200000e+02
   1.5050000e+01   1.4200000e+02
   1.5041667e+01   1.4200000e+02
   1.5033333e+01   1.4200000e+02
   1.5025000e+01   1.4200000e+02
   1.5016667e+01   1.4200000e+02
   1.5008333e+01   1.4200000e+02
   1.5000000e+01   1.4200000e+02
   1.4991667e+01   1.4200000e+02
   1.4983333e+01   1.4200000e+02
   1.4975000e+01   1.4200000e+02
   1.4966667e+01   1.4200000e+02
   1.4958333e+01   1.4200000e+02
   1.4950000e+01   1.4200000e+02
   1.4941667e+01   1.4200000e+02
   1.4933333e+01   1.4200000e+02
   1.4925000e+01   1.4200000e+02
   1.4916667e+01   1.4200000e+02
   1.4908333e+01   1.4200000e+02
   1.4900000e+01   1.4200000e+02
   1.4891667e+01   1.4200000e+02
   1.4883333e+01   1.4200000e+02
   1.4875000e+01   1.4200000e+02
   1.4866667e+01   1.4200000e+02
   1.4858333e+01   1.4200000e+02
   1.4850000e+01   1.4200000e+02
   1.4841667e+01   1.4200000e+02
   1.4833333e+01   1.4200000e+02
   1.4825000e+01   1.4200000e+02
   1.4816667e+01   1.4200000e+02
   1.4808333e+01   1.4200000e+02
   1.4800000e+01   1.4200000e+02
   1.4791667e+01   1.4200000e+02
   1.4783333e+01   1.4200000e+02
   1.4775000e+01   1.4200000e+02
   1.4766667e+01   1.4200000e+02
   1.4758333e+01   1.4200000e+02
   1.4750000e+01   1.4200000e+02
   1.4741667e+01   1.4200000e+02
   1.4733333e+01   1.4200000e+02
   1.4725000e+01   1.4200000e+02
   1.4716667e+01   1.4200000e+02
   1.4708333e+01   1.4200000e+02
   1.4700000e+01   1.4200000e+02
   1.4691667e+01   1.4200000e+02
   1.4683333e+01   1.4200000e+02
   1.4675000e+01   1.4200000e+02
   1.4666667e+01   1.4200000e+02
   1.4658333e+01   1.4200000e+02
   1.4650000e+01   1.4200000e+02
   1.4641667e+01   1.4200000e+02
   1.4633333e+01   1.4200000e+02
   1.4625000e+01   1.4200000e+02
   1.4616667e+01   1.4200000e+02
   1.4608333e+01   1.4200000e+02
   1.4600000e+01   1.4200000e+02
   1.4591667e+01   1.4200000e+02
   1.4583333e+01   1.4200000e+02
   1.4575000e+01   1.4200000e+02
   1.4566667e+01   1.4200000e+02
   1.4558333e+01   1.4200000e+02
   1.4550000e+01   1.4200000e+02
   1.4541667e+01   1.4200000e+02
   1.4533333e+01   1.4200000e+02
   1.4525000e+01   1.4200000e+02
   1.4516667e+01   1.4200000e+02
   1.4508333e+01   1.4200000e+02
   1.4500000e+01   1.4200000e+02
   1.4491667e+01   1.4200000e+02
   1.4483333e+01   1.4200000e+02
   1.4475000e+01   1.4200000e+02
   1.4466667e+01   1.4200000e+02
   1.4458333e+01   1.4200000e+02
   1.4450000e+01   1.4200000e+02
   1.4441667e+01   1.4200000e+02
   1.4433333e+01   1.4200000e+02
   1.4425000e+01   1.4200000e+02
   1.4416667e+01   1.4200000e+02
   1.4408333e+01   1.4200000e+02
   1.4400000e+01   1.4200000e+02
   1.4391667e+01   1.4200000e+02
   1.4383333e+01   1.4200000e+02
   1.4375000e+01   1.4200000e+02
   1.4366667e+01   1.4200000e+02
   1.4358333e+01   1.4200000e+02
   1.4350000e+01   1.4200000e+02
   1.4341667e+01   1.4200000e+02
   1.4333333e+01   1.4200000e+02
   1.4325000e+01   1.4200000e+02
   1.4316667e+01   1.4200000e+02
   1.4308333e+01   1.4200000e+02
   1.4300000e+01   1.4200000e+02
   1.4291667e+01   1.4200000e+02
   1.4283333e+01   1.4200000e+02
   1.4275000e+01   1.4200000e+02
   1.4266667e+01   1.4200000e+02
   1.4258333e+01   1.4200000e+02
   1.4250000e+01   1.4200000e+02
   1.4241667e+01   1.4200000e+02
   1.4233333e+01   1.4200000e+02
   1.4225000e+01   1.4200000e+02
   1.4216667e+01   1.4200000e+02
   1.4208333e+01   1.4200000e+02
   1.4200000e+01   1.4200000e+02
   1.4191667e+01   1.4200000e+02
   1.4183333e+01   1.4200000e+02
   1.4175000e+01   1.4200000e+02
   1.4166667e+01   1.4200000e+02
   1.4158333e+01   1.4200000e+02
   1.4150000e+01   1.4200000e+02
   1.4141667e+01   1.4200000e+02
   1.4133333e+01   1.4200000e+02
   1.4125000e+01   1.4200000e+02
   1.4116667e+01   1.4200000e+02
   1.4108333e+01   1.4200000e+02
   1.4100000e+01   1.4200000e+02
   1.4091667e+01   1.4200000e+02
   1.4083333e+01   1.4200000e+02
   1.4075000e+01   1.4200000e+02
   1.4066667e+01   1.4200000e+02
   1.4058333e+01   1.4200000e+02
   1.4050000e+01   1.4200000e+02
   1.4041667e+01   1.4200000e+02
   1.4033333e+01   1.4200000e+02
   1.4025000e+01   1.4200000e+02
   1.4016667e+01   1.4200000e+02
   1.4008333e+01   1.4200000e+02
   1.4000000e+01   1.4200000e+02
   1.3991667e+01   1.4200000e+02
   1.3983333e+01   1.4200000e+02
   1.3975000e+01   1.4200000e+02
   1.3966667e+01   1.4200000e+02
   1.3958333e+01   1.4200000e+02
   1.3950000e+01   1.4200000e+02
   1.3941667e+01   1.4200000e+02
   1.3933333e+01   1.4200000e+02
   1.3925000e+01   1.4200000e+02
   1.3916667e+01   1.4200000e+02
   1.3908333e+01   1.4200000e+02
   1.3900000e+01   1.4200000e+02
   1.3891667e+01   1.4200000e+02
   1.3883333e+01   1.4200000e+02
   1.3875000e+01   1.4200000e+02
   1.3866667e+01   1.4200000e+02
   1.3858333e+01   1.4200000e+02
   1.3850000e+01   1.4200000e+02
   1.3841667e+01   1.4200000e+02
   1.3833333e+01   1.4200000e+02
   1.3825000e+01   1.4200000e+02
   1.3816667e+01   1.4200000e+02
   1.3808333e+01   1.4200000e+02
   1.3800000e+01   1.4200000e+02
   1.3791667e+01   1.4200000e+02
   1.3783333e+01   1.4200000e+02
   1.3775000e+01   1.4200000e+02
   1.3766667e+01   1.4200000e+02
   1.3758333e+01   1.4200000e+02
   1.3750000e+01   1.4200000e+02
   1.3741667e+01   1.4200000e+02
   1.3733333e+01   1.4200000e+02
   1.3725000e+01   1.4200000e+02
   1.3716667e+01   1.4200000e+02
   1.3708333e+01   1.4200000e+02
   1.3700000e+01   1.4200000e+02
   1.3691667e+01   1.4200000e+02
   1.3683333e+01   1.4200000e+02
   1.3675000e+01   1.4200000e+02
   1.3666667e+01   1.4200000e+02
   1.3658333e+01   1.4200000e+02
   1.3650000e+01   1.4200000e+02
   1.3641667e+01   1.4200000e+02
   1.3633333e+01   1.4200000e+02
   1.3625000e+01   1.4200000e+02
   1.3616667e+01   1.4200000e+02
   1.3608333e+01   1.4200000e+02
   1.3600000e+01   1.4200000e+02
   1.3591667e+01   1.4200000e+02
   1.3583333e+01   1.4200000e+02
   1.3575000e+01   1.4200000e+02
   1.3566667e+01   1.4200000e+02
   1.3558333e+01   1.4200000e+02
   1.3550000e+01   1.4200000e+02
   1.3541667e+01   1.4200000e+02
   1.3533333e+01   1.4200000e+02
   1.3525000e+01   1.4200000e+02
   1.3516667e+01   1.4200000e+02
   1.3508333e+01   1.4200000e+02
   1.3500000e+01   1.4200000e+02
   1.3491667e+01   1.4200000e+02
   1.3483333e+01   1.4200000e+02
   1.3475000e+01   1.4200000e+02
   1.3466667e+01   1.4200000e+02
   1.3458333e+01   1.4200000e+02
   1.3450000e+01   1.4200000e+02
   1.3441667e+01   1.4200000e+02
   1.3433333e+01   1.4200000e+02
   1.3425000e+01   1.4200000e+02
   1.3416667e+01   1.4200000e+02
   1.3408333e+01   1.4200000e+02
   1.3400000e+01   1.4200000e+02
   1.3391667e+01   1.4200000e+02
   1.3383333e+01   1.4200000e+02
   1.3375000e+01   1.4200000e+02
   1.3366667e+01   1.4200000e+02
   1.3358333e+01   1.4200000e+02
   1.3350000e+01   1.4200000e+02
   1.3341667e+01   1.4200000e+02
   1.3333333e+01   1.4200000e+02
   1.3325000e+01   1.4200000e+02
   1.3316667e+01   1.4200000e+02
   1.3308333e+01   1.4200000e+02
   1.3300000e+01   1.4200000e+02
   1.3291667e+01   1.4200000e+02
   1.3283333e+01   1.4200000e+02
   1.3275000e+01   1.4200000e+02
   1.3266667e+01   1.4200000e+02
   1.3258333e+01   1.4200000e+02
   1.3250000e+01   1.4200000e+02
   1.3241667e+01   1.4200000e+02
   1.3233333e+01   1.4200000e+02
   1.3225000e+01   1.4200000e+02
   1.3216667e+01   1.4200000e+02
   1.3208333e+01   1.4200000e+02
   1.3200000e+01   1.4200000e+02
   1.3191667e+01   1.4200000e+02
   1.3183333e+01   1.4200000e+02
   1.3175000e+01   1.4200000e+02
   1.3166667e+01   1.4200000e+02
   1.3158333e+01   1.4200000e+02
   1.3150000e+01   1.4200000e+02
   1.3141667e+01   1.4200000e+02
   1.3133333e+01   1.4200000e+02
   1.3125000e+01   1.4200000e+02
   1.3116667e+01   1.4200000e+02
   1.3108333e+01   1.4200000e+02
   1.3100000e+01   1.4200000e+02
   1.3091667e+01   1.4200000e+02
   1.3083333e+01   1.4200000e+02
   1.3075000e+01   1.4200000e+02
   1.3066667e+01   1.4200000e+02
   1.3058333e+01   1.4200000e+02
   1.3050000e+01   1.4200000e+02
   1.3041667e+01   1.4200000e+02
   1.3033333e+01   1.4200000e+02
   1.3025000e+01   1.4200000e+02
   1.3016667e+01   1.4200000e+02
   1.3008333e+01   1.4200000e+02
   1.3000000e+01   1.4200000e+02
   1.2991667e+01   1.4200000e+02
   1.2983333e+01   1.4200000e+02
   1.2975000e+01   1.4200000e+02
   1.2966667e+01   1.4200000e+02
   1.2958333e+01   1.4200000e+02
   1.2950000e+01   1.4200000e+02
   1.2941667e+01   1.4200000e+02
   1.2933333e+01   1.4200000e+02
   1.2925000e+01   1.4200000e+02
   1.2916667e+01   1.4200000e+02
   1.2908333e+01   1.4200000e+02
   1.2900000e+01   1.4200000e+02
   1.2891667e+01   1.4200000e+02
   1.2883333e+01   1.4200000e+02
   1.2875000e+01   1.4200000e+02
   1.2866667e+01   1.4200000e+02
   1.2858333e+01   1.4200000e+02
   1.2850000e+01   1.4200000e+02
   1.2841667e+01   1.4200000e+02
   1.2833333e+01   1.4200000e+02
   1.2825000e+01   1.4200000e+02
   1.2816667e+01   1.4200000e+02
   1.2808333e+01   1.4200000e+02
   1.2800000e+01   1.4200000e+02
   1.2791667e+01   1.4200000e+02
   1.2783333e+01   1.4200000e+02
   1.2775000e+01   1.4200000e+02
   1.2766667e+01   1.4200000e+02
   1.2758333e+01   1.4200000e+02
   1.2750000e+01   1.4200000e+02
   1.2741667e+01   1.4200000e+02
   1.2733333e+01   1.4200000e+02
   1.2725000e+01   1.4200000e+02
   1.2716667e+01   1.4200000e+02
   1.2708333e+01   1.4200000e+02
   1.2700000e+01   1.4200000e+02
   1.2691667e+01   1.4200000e+02
   1.2683333e+01   1.4200000e+02
   1.2675000e+01   1.4200000e+02
   1.2666667e+01   1.4200000e+02
   1.2658333e+01   1.4200000e+02
   1.2650000e+01   1.4200000e+02
   1.2641667e+01   1.4200000e+02
   1.2633333e+01   1.4200000e+02
   1.2625000e+01   1.4200000e+02
   1.2616667e+01   1.4200000e+02
   1.2608333e+01   1.4200000e+02
   1.2600000e+01   1.4200000e+02
   1.2591667e+01   1.4200000e+02
   1.2583333e+01   1.4200000e+02
   1.2575000e+01   1.4200000e+02
   1.2566667e+01   1.4200000e+02
   1.2558333e+01   1.4200000e+02
   1.2550000e+01   1.4200000e+02
   1.2541667e+01   1.4200000e+02
   1.2533333e+01   1.4200000e+02
   1.2525000e+01   1.4200000e+02
   1.2516667e+01   1.4200000e+02
   1.2508333e+01   1.4200000e+02
   1.2500000e+01   1.4200000e+02
   1.2491667e+01   1.4200000e+02
   1.2483333e+01   1.4200000e+02
   1.2475000e+01   1.4200000e+02
   1.2466667e+01   1.4200000e+02
   1.2458333e+01   1.4200000e+02
   1.2450000e+01   1.4200000e+02
   1.2441667e+01   1.4200000e+02
   1.2433333e+01   1.4200000e+02
   1.2425000e+01   1.4200000e+02
   1.2416667e+01   1.4200000e+02
   1.2408333e+01   1.4200000e+02
   1.2400000e+01   1.4200000e+02
   1.2391667e+01   1.4200000e+02
   1.2383333e+01   1.4200000e+02
   1.2375000e+01   1.4200000e+02
   1.2366667e+01   1.4200000e+02
   1.2358333e+01   1.4200000e+02
   1.2350000e+01   1.4200000e+02
   1.2341667e+01   1.4200000e+02
   1.2333333e+01   1.4200000e+02
   1.2325000e+01   1.4200000e+02
   1.2316667e+01   1.4200000e+02
   1.2308333e+01   1.4200000e+02
   1.2300000e+01   1.4200000e+02
   1.2291667e+01   1.4200000e+02
   1.2283333e+01   1.4200000e+02
   1.2275000e+01   1.4200000e+02
   1.2266667e+01   1.4200000e+02
   1.2258333e+01   1.4200000e+02
   1.2250000e+01   1.4200000e+02
   1.2241667e+01   1.4200000e+02
   1.2233333e+01   1.4200000e+02
   1.2225000e+01   1.4200000e+02
   1.2216667e+01   1.4200000e+02
   1.2208333e+01   1.4200000e+02
   1.2200000e+01   1.4200000e+02
   1.2191667e+01   1.4200000e+02
   1.2183333e+01   1.4200000e+02
   1.2175000e+01   1.4200000e+02
   1.2166667e+01   1.4200000e+02
   1.2158333e+01   1.4200000e+02
   1.2150000e+01   1.4200000e+02
   1.2141667e+01   1.4200000e+02
   1.2133333e+01   1.4200000e+02
   1.2125000e+01   1.4200000e+02
   1.2116667e+01   1.4200000e+02
   1.2108333e+01   1.4200000e+02
   1.2100000e+01   1.4200000e+02
   1.2091667e+01   1.4200000e+02
   1.2083333e+01   1.4200000e+02
   1.2075000e+01   1.4200000e+02
   1.2066667e+01   1.4200000e+02
   1.2058333e+01   1.4200000e+02
   1.2050000e+01   1.4200000e+02
   1.2041667e+01   1.4200000e+02
   1.2033333e+01   1.4200000e+02
   1.2025000e+01   1.4200000e+02
   1.2016667e+01   1.4200000e+02
   1.2008333e+01   1.4200000e+02
   1.2000000e+01   1.4200000e+02
   1.1991667e+01   1.4200000e+02
   1.1983333e+01   1.4200000e+02
   1.1975000e+01   1.4200000e+02
   1.1966667e+01   1.4200000e+02
   1.1958333e+01   1.4200000e+02
   1.1950000e+01   1.4200000e+02
   1.1941667e+01   1.4200000e+02
   1.1933333e+01   1.4200000e+02
   1.1925000e+01   1.4200000e+02
   1.1916667e+01   1.4200000e+02
   1.1908333e+01   1.4200000e+02
   1.1900000e+01   1.4200000e+02
   1.1891667e+01   1.4200000e+02
   1.1883333e+01   1.4200000e+02
   1.1875000e+01   1.4200000e+02
   1.1866667e+01   1.4200000e+02
   1.1858333e+01   1.4200000e+02
   1.1850000e+01   1.4200000e+02
   1.1841667e+01   1.4200000e+02
   1.1833333e+01   1.4200000e+02
   1.1825000e+01   1.4200000e+02
   1.1816667e+01   1.4200000e+02
   1.1808333e+01   1.4200000e+02
   1.1800000e+01   1.4200000e+02
   1.1791667e+01   1.4200000e+02
   1.1783333e+01   1.4200000e+02
   1.1775000e+01   1.4200000e+02
   1.1766667e+01   1.4200000e+02
   1.1758333e+01   1.4200000e+02
   1.1750000e+01   1.4200000e+02
   1.1741667e+01   1.4200000e+02
   1.1733333e+01   1.4200000e+02
   1.1725000e+01   1.4200000e+02
   1.1716667e+01   1.4200000e+02
   1.1708333e+01   1.4200000e+02
   1.1700000e+01   1.4200000e+02
   1.1691667e+01   1.4200000e+02
   1.1683333e+01   1.4200000e+02
   1.1675000e+01   1.4200000e+02
   1.1666667e+01   1.4200000e+02
   1.1658333e+01   1.4200000e+02
   1.1650000e+01   1.4200000e+02
   1.1641667e+01   1.4200000e+02
   1.1633333e+01   1.4200000e+02
   1.1625000e+01   1.4200000e+02
   1.1616667e+01   1.4200000e+02
   1.1608333e+01   1.4200000e+02
   1.1600000e+01   1.4200000e+02
   1.1591667e+01   1.4200000e+02
   1.1583333e+01   1.4200000e+02
   1.1575000e+01   1.4200000e+02
   1.1566667e+01   1.4200000e+02
   1.1558333e+01   1.4200000e+02
   1.1550000e+01   1.4200000e+02
   1.1541667e+01   1.4200000e+02
   1.1533333e+01   1.4200000e+02
   1.1525000e+01   1.4200000e+02
   1.1516667e+01   1.4200000e+02
   1.1508333e+01   1.4200000e+02
   1.1500000e+01   1.4200000e+02
   1.1491667e+01   1.4200000e+02
   1.1483333e+01   1.4200000e+02
   1.1475000e+01   1.4200000e+02
   1.1466667e+01   1.4200000e+02
   1.1458333e+01   1.4200000e+02
   1.1450000e+01   1.4200000e+02
   1.1441667e+01   1.4200000e+02
   1.1433333e+01   1.4200000e+02
   1.1425000e+01   1.4200000e+02
   1.1416667e+01   1.4200000e+02
   1.1408333e+01   1.4200000e+02
   1.1400000e+01   1.4200000e+02
   1.1391667e+01   1.4200000e+02
   1.1383333e+01   1.4200000e+02
   1.1375000e+01   1.4200000e+02
   1.1366667e+01   1.4200000e+02
   1.1358333e+01   1.4200000e+02
   1.1350000e+01   1.4200000e+02
   1.1341667e+01   1.4200000e+02
   1.1333333e+01   1.4200000e+02
   1.1325000e+01   1.4200000e+02
   1.1316667e+01   1.4200000e+02
   1.1308333e+01   1.4200000e+02
   1.1300000e+01   1.4200000e+02
   1.1291667e+01   1.4200000e+02
   1.1283333e+01   1.4200000e+02
   1.1275000e+01   1.4200000e+02
   1.1266667e+01   1.4200000e+02
   1.1258333e+01   1.4200000e+02
   1.1250000e+01   1.4200000e+02
   1.1241667e+01   1.4200000e+02
   1.1233333e+01   1.4200000e+02
   1.1225000e+01   1.4200000e+02
   1.1216667e+01   1.4200000e+02
   1.1208333e+01   1.4200000e+02
   1.1200000e+01   1.4200000e+02
   1.1191667e+01   1.4200000e+02
   1.1183333e+01   1.4200000e+02
   1.1175000e+01   1.4200000e+02
   1.1166667e+01   1.4200000e+02
   1.1158333e+01   1.4200000e+02
   1.1150000e+01   1.4200000e+02
   1.1141667e+01   1.4200000e+02
   1.1133333e+01   1.4200000e+02
   1.1125000e+01   1.4200000e+02
   1.1116667e+01   1.4200000e+02
   1.1108333e+01   1.4200000e+02
   1.1100000e+01   1.4200000e+02
   1.1091667e+01   1.4200000e+02
   1.1083333e+01   1.4200000e+02
   1.1075000e+01   1.4200000e+02
   1.1066667e+01   1.4200000e+02
   1.1058333e+01   1.4200000e+02
   1.1050000e+01   1.4200000e+02
   1.1041667e+01   1.4200000e+02
   1.1033333e+01   1.4200000e+02
   1.1025000e+01   1.4200000e+02
   1.1016667e+01   1.4200000e+02
   1.1008333e+01   1.4200000e+02
   1.1000000e+01   1.4200000e+02
   1.0991575e+01   1.4200000e+02
   1.0983135e+01   1.4200000e+02
   1.0974679e+01   1.4200000e+02
   1.0966204e+01   1.4200000e+02
   1.0957706e+01   1.4200000e+02
   1.0949183e+01   1.4200000e+02
   1.0940630e+01   1.4200000e+02
   1.0932042e+01   1.4200000e+02
   1.0923415e+01   1.4200000e+02
   1.0914741e+01   1.4200000e+02
   1.0906014e+01   1.4200000e+02
   1.0897226e+01   1.4200000e+02
   1.0888367e+01   1.4200000e+02
   1.0879425e+01   1.4200000e+02
   1.0870388e+01   1.4200000e+02
   1.0861242e+01   1.4200000e+02
   1.0851969e+01   1.4200000e+02
   1.0842550e+01   1.4200000e+02
   1.0832962e+01   1.4200000e+02
   1.0823180e+01   1.4200000e+02
   1.0813173e+01   1.4200000e+02
   1.0802908e+01   1.4200000e+02
   1.0792346e+01   1.4200000e+02
   1.0781441e+01   1.4200000e+02
   1.0770142e+01   1.4200000e+02
   1.0758392e+01   1.4200000e+02
   1.0746123e+01   1.4200000e+02
   1.0733259e+01   1.4200000e+02
   1.0719717e+01   1.4200000e+02
   1.0705398e+01   1.4200000e+02
   1.0690194e+01   1.4200000e+02
   1.0673985e+01   1.4200000e+02
   1.0656634e+01   1.4200000e+02
   1.0637992e+01   1.4200000e+02
   1.0617895e+01   1.4200000e+02
   1.0596162e+01   1.4200000e+02
   1.0572600e+01   1.4200000e+02
   1.0547000e+01   1.4200000e+02
   1.0519142e+01   1.4200000e+02
   1.0488797e+01   1.4200000e+02
   1.0455728e+01   1.4200000e+02
   1.0419696e+01   1.4200000e+02
   1.0380467e+01   1.4200000e+02
   1.0337813e+01   1.4200000e+02
   1.0291523e+01   1.4200000e+02
   1.0241407e+01   1.4200000e+02
   1.0187304e+01   1.4200000e+02
   1.0129086e+01   1.4200000e+02
   1.0066667e+01   1.4200000e+02
   1.0000000e+01   1.4200000e+02
   1.0000000e+01   1.4206667e+02
   1.0000000e+01   1.4212909e+02
   1.0000000e+01   1.4218730e+02
   1.0000000e+01   1.4224141e+02
   1.0000000e+01   1.4229152e+02
   1.0000000e+01   1.4233781e+02
   1.0000000e+01   1.4238047e+02
   1.0000000e+01   1.4241970e+02
   1.0000000e+01   1.4245573e+02
   1.0000000e+01   1.4248880e+02
   1.0000000e+01   1.4251914e+02
   1.0000000e+01   1.4254700e+02
   1.0000000e+01   1.4257260e+02
   1.0000000e+01   1.4259616e+02
   1.0000000e+01   1.4261789e+02
   1.0000000e+01   1.4263799e+02
   1.0000000e+01   1.4265663e+02
   1.0000000e+01   1.4267398e+02
   1.0000000e+01   1.4269019e+02
   1.0000000e+01   1.4270540e+02
   1.0000000e+01   1.4271972e+02
   1.0000000e+01   1.4273326e+02
   1.0000000e+01   1.4274612e+02
   1.0000000e+01   1.4275839e+02
   1.0000000e+01   1.4277014e+02
   1.0000000e+01   1.4278144e+02
   1.0000000e+01   1.4279235e+02
   1.0000000e+01   1.4280291e+02
   1.0000000e+01   1.4281317e+02
   1.0000000e+01   1.4282318e+02
   1.0000000e+01   1.4283296e+02
   1.0000000e+01   1.4284255e+02
   1.0000000e+01   1.4285197e+02
   1.0000000e+01   1.4286124e+02
   1.0000000e+01   1.4287039e+02
   1.0000000e+01   1.4287942e+02
   1.0000000e+01   1.4288837e+02
   1.0000000e+01   1.4289723e+02
   1.0000000e+01   1.4290601e+02
   1.0000000e+01   1.4291474e+02
   1.0000000e+01   1.4292341e+02
   1.0000000e+01   1.4293204e+02
   1.0000000e+01   1.4294063e+02
   1.0000000e+01   1.4294918e+02
   1.0000000e+01   1.4295771e+02
   1.0000000e+01   1.4296620e+02
   1.0000000e+01   1.4297468e+02
   1.0000000e+01   1.4298314e+02
   1.0000000e+01   1.4299157e+02
   1.0000000e+01   1.4300000e+02
   1.0000000e+01   1.4300833e+02
   1.0000000e+01   1.4301667e+02
   1.0000000e+01   1.4302500e+02
   1.0000000e+01   1.4303333e+02
   1.0000000e+01   1.4304167e+02
   1.0000000e+01   1.4305000e+02
   1.0000000e+01   1.4305833e+02
   1.0000000e+01   1.4306667e+02
   1.0000000e+01   1.4307500e+02
   1.0000000e+01   1.4308333e+02
   1.0000000e+01   1.4309167e+02
   1.0000000e+01   1.4310000e+02
   1.0000000e+01   1.4310833e+02
   1.0000000e+01   1.4311667e+02
   1.0000000e+01   1.4312500e+02
   1.0000000e+01   1.4313333e+02
   1.0000000e+01   1.4314167e+02
   1.0000000e+01   1.4315000e+02
   1.0000000e+01   1.4315833e+02
   1.0000000e+01   1.4316667e+02
   1.0000000e+01   1.4317500e+02
   1.0000000e+01   1.4318333e+02
   1.0000000e+01   1.4319167e+02
   1.0000000e+01   1.4320000e+02
   1.0000000e+01   1.4320833e+02
   1.0000000e+01   1.4321667e+02
   1.0000000e+01   1.4322500e+02
   1.0000000e+01   1.4323333e+02
   1.0000000e+01   1.4324167e+02
   1.0000000e+01   1.4325000e+02
   1.0000000e+01   1.4325833e+02
   1.0000000e+01   1.4326667e+02
   1.0000000e+01   1.4327500e+02
   1.0000000e+01   1.4328333e+02
   1.0000000e+01   1.4329167e+02
   1.0000000e+01   1.4330000e+02
   1.0000000e+01   1.4330833e+02
   1.0000000e+01   1.4331667e+02
   1.0000000e+01   1.4332500e+02
   1.0000000e+01   1.4333333e+02
   1.0000000e+01   1.4334167e+02
   1.0000000e+01   1.4335000e+02
   1.0000000e+01   1.4335833e+02
   1.0000000e+01   1.4336667e+02
   1.0000000e+01   1.4337500e+02
   1.0000000e+01   1.4338333e+02
   1.0000000e+01   1.4339167e+02
   1.0000000e+01   1.4340000e+02
   1.0000000e+01   1.4340833e+02
   1.0000000e+01   1.4341667e+02
   1.0000000e+01   1.4342500e+02
   1.0000000e+01   1.4343333e+02
   1.0000000e+01   1.4344167e+02
   1.0000000e+01   1.4345000e+02
   1.0000000e+01   1.4345833e+02
   1.0000000e+01   1.4346667e+02
   1.0000000e+01   1.4347500e+02
   1.0000000e+01   1.4348333e+02
   1.0000000e+01   1.4349167e+02
   1.0000000e+01   1.4350000e+02
   1.0000000e+01   1.4350833e+02
   1.0000000e+01   1.4351667e+02
   1.0000000e+01   1.4352500e+02
   1.0000000e+01   1.4353333e+02
   1.0000000e+01   1.4354167e+02
   1.0000000e+01   1.4355000e+02
   1.0000000e+01   1.4355833e+02
   1.0000000e+01   1.4356667e+02
   1.0000000e+01   1.4357500e+02
   1.0000000e+01   1.4358333e+02
   1.0000000e+01   1.4359167e+02
   1.0000000e+01   1.4360000e+02
   1.0000000e+01   1.4360833e+02
   1.0000000e+01   1.4361667e+02
   1.0000000e+01   1.4362500e+02
   1.0000000e+01   1.4363333e+02
   1.0000000e+01   1.4364167e+02
   1.0000000e+01   1.4365000e+02
   1.0000000e+01   1.4365833e+02
   1.0000000e+01   1.4366667e+02
   1.0000000e+01   1.4367500e+02
   1.0000000e+01   1.4368333e+02
   1.0000000e+01   1.4369167e+02
   1.0000000e+01   1.4370000e+02
   1.0000000e+01   1.4370833e+02
   1.0000000e+01   1.4371667e+02
   1.0000000e+01   1.4372500e+02
   1.0000000e+01   1.4373333e+02
   1.0000000e+01   1.4374167e+02
   1.0000000e+01   1.4375000e+02
   1.0000000e+01   1.4375833e+02
   1.0000000e+01   1.4376667e+02
   1.0000000e+01   1.4377500e+02
   1.0000000e+01   1.4378333e+02
   1.0000000e+01   1.4379167e+02
   1.0000000e+01   1.4380000e+02
   1.0000000e+01   1.4380833e+02
   1.0000000e+01   1.4381667e+02
   1.0000000e+01   1.4382500e+02
   1.0000000e+01   1.4383333e+02
   1.0000000e+01   1.4384167e+02
   1.0000000e+01   1.4385000e+02
   1.0000000e+01   1.4385833e+02
   1.0000000e+01   1.4386667e+02
   1.0000000e+01   1.4387500e+02
   1.0000000e+01   1.4388333e+02
   1.0000000e+01   1.4389167e+02
   1.0000000e+01   1.4390000e+02
   1.0000000e+01   1.4390833e+02
   1.0000000e+01   1.4391667e+02
   1.0000000e+01   1.4392500e+02
   1.0000000e+01   1.4393333e+02
   1.0000000e+01   1.4394167e+02
   1.0000000e+01   1.4395000e+02
   1.0000000e+01   1.4395833e+02
   1.0000000e+01   1.4396667e+02
   1.0000000e+01   1.4397500e+02
   1.0000000e+01   1.4398333e+02
   1.0000000e+01   1.4399167e+02
   1.0000000e+01   1.4400000e+02
   1.0000000e+01   1.4400833e+02
   1.0000000e+01   1.4401667e+02
   1.0000000e+01   1.4402500e+02
   1.0000000e+01   1.4403333e+02
   1.0000000e+01   1.4404167e+02
   1.0000000e+01   1.4405000e+02
   1.0000000e+01   1.4405833e+02
   1.0000000e+01   1.4406667e+02
   1.0000000e+01   1.4407500e+02
   1.0000000e+01   1.4408333e+02
   1.0000000e+01   1.4409167e+02
   1.0000000e+01   1.4410000e+02
   1.0000000e+01   1.4410833e+02
   1.0000000e+01   1.4411667e+02
   1.0000000e+01   1.4412500e+02
   1.0000000e+01   1.4413333e+02
   1.0000000e+01   1.4414167e+02
   1.0000000e+01   1.4415000e+02
   1.0000000e+01   1.4415833e+02
   1.0000000e+01   1.4416667e+02
   1.0000000e+01   1.4417500e+02
   1.0000000e+01   1.4418333e+02
   1.0000000e+01   1.4419167e+02
   1.0000000e+01   1.4420000e+02
   1.0000000e+01   1.4420833e+02
   1.0000000e+01   1.4421667e+02
   1.0000000e+01   1.4422500e+02
   1.0000000e+01   1.4423333e+02
   1.0000000e+01   1.4424167e+02
   1.0000000e+01   1.4425000e+02
   1.0000000e+01   1.4425833e+02
   1.0000000e+01   1.4426667e+02
   1.0000000e+01   1.4427500e+02
   1.0000000e+01   1.4428333e+02
   1.0000000e+01   1.4429167e+02
   1.0000000e+01   1.4430000e+02
   1.0000000e+01   1.4430833e+02
   1.0000000e+01   1.4431667e+02
   1.0000000e+01   1.4432500e+02
   1.0000000e+01   1.4433333e+02
   1.0000000e+01   1.4434167e+02
   1.0000000e+01   1.4435000e+02
   1.0000000e+01   1.4435833e+02
   1.0000000e+01   1.4436667e+02
   1.0000000e+01   1.4437500e+02
   1.0000000e+01   1.4438333e+02
   1.0000000e+01   1.4439167e+02
   1.0000000e+01   1.4440000e+02
   1.0000000e+01   1.4440833e+02
   1.0000000e+01   1.4441667e+02
   1.0000000e+01   1.4442500e+02
   1.0000000e+01   1.4443333e+02
   1.0000000e+01   1.4444167e+02
   1.0000000e+01   1.4445000e+02
   1.0000000e+01   1.4445833e+02
   1.0000000e+01   1.4446667e+02
   1.0000000e+01   1.4447500e+02
   1.0000000e+01   1.4448333e+02
   1.0000000e+01   1.4449167e+02
   1.0000000e+01   1.4450000e+02
   1.0000000e+01   1.4450833e+02
   1.0000000e+01   1.4451667e+02
   1.0000000e+01   1.4452500e+02
   1.0000000e+01   1.4453333e+02
   1.0000000e+01   1.4454167e+02
   1.0000000e+01   1.4455000e+02
   1.0000000e+01   1.4455833e+02
   1.0000000e+01   1.4456667e+02
   1.0000000e+01   1.4457500e+02
   1.0000000e+01   1.4458333e+02
   1.0000000e+01   1.4459167e+02
   1.0000000e+01   1.4460000e+02
   1.0000000e+01   1.4460833e+02
   1.0000000e+01   1.4461667e+02
   1.0000000e+01   1.4462500e+02
   1.0000000e+01   1.4463333e+02
   1.0000000e+01   1.4464167e+02
   1.0000000e+01   1.4465000e+02
   1.0000000e+01   1.4465833e+02
   1.0000000e+01   1.4466667e+02
   1.0000000e+01   1.4467500e+02
   1.0000000e+01   1.4468333e+02
   1.0000000e+01   1.4469167e+02
   1.0000000e+01   1.4470000e+02
   1.0000000e+01   1.4470833e+02
   1.0000000e+01   1.4471667e+02
   1.0000000e+01   1.4472500e+02
   1.0000000e+01   1.4473333e+02
   1.0000000e+01   1.4474167e+02
   1.0000000e+01   1.4475000e+02
   1.0000000e+01   1.4475833e+02
   1.0000000e+01   1.4476667e+02
   1.0000000e+01   1.4477500e+02
   1.0000000e+01   1.4478333e+02
   1.0000000e+01   1.4479167e+02
   1.0000000e+01   1.4480000e+02
   1.0000000e+01   1.4480833e+02
   1.0000000e+01   1.4481667e+02
   1.0000000e+01   1.4482500e+02
   1.0000000e+01   1.4483333e+02
   1.0000000e+01   1.4484167e+02
   1.0000000e+01   1.4485000e+02
   1.0000000e+01   1.4485833e+02
   1.0000000e+01   1.4486667e+02
   1.0000000e+01   1.4487500e+02
   1.0000000e+01   1.4488333e+02
   1.0000000e+01   1.4489167e+02
   1.0000000e+01   1.4490000e+02
   1.0000000e+01   1.4490833e+02
   1.0000000e+01   1.4491667e+02
   1.0000000e+01   1.4492500e+02
   1.0000000e+01   1.4493333e+02
   1.0000000e+01   1.4494167e+02
   1.0000000e+01   1.4495000e+02
   1.0000000e+01   1.4495833e+02
   1.0000000e+01   1.4496667e+02
   1.0000000e+01   1.4497500e+02
   1.0000000e+01   1.4498333e+02
   1.0000000e+01   1.4499167e+02
   1.0000000e+01   1.4500000e+02
   1.0000000e+01   1.4500833e+02
   1.0000000e+01   1.4501667e+02
   1.0000000e+01   1.4502500e+02
   1.0000000e+01   1.4503333e+02
   1.0000000e+01   1.4504167e+02
   1.0000000e+01   1.4505000e+02
   1.0000000e+01   1.4505833e+02
   1.0000000e+01   1.4506667e+02
   1.0000000e+01   1.4507500e+02
   1.0000000e+01   1.4508333e+02
   1.0000000e+01   1.4509167e+02
   1.0000000e+01   1.4510000e+02
   1.0000000e+01   1.4510833e+02
   1.0000000e+01   1.4511667e+02
   1.0000000e+01   1.4512500e+02
   1.0000000e+01   1.4513333e+02
   1.0000000e+01   1.4514167e+02
   1.0000000e+01   1.4515000e+02
   1.0000000e+01   1.4515833e+02
   1.0000000e+01   1.4516667e+02
   1.0000000e+01   1.4517500e+02
   1.0000000e+01   1.4518333e+02
   1.0000000e+01   1.4519167e+02
   1.0000000e+01   1.4520000e+02
   1.0000000e+01   1.4520833e+02
   1.0000000e+01   1.4521667e+02
   1.0000000e+01   1.4522500e+02
   1.0000000e+01   1.4523333e+02
   1.0000000e+01   1.4524167e+02
   1.0000000e+01   1.4525000e+02
   1.0000000e+01   1.4525833e+02
   1.0000000e+01   1.4526667e+02
   1.0000000e+01   1.4527500e+02
   1.0000000e+01   1.4528333e+02
   1.0000000e+01   1.4529167e+02
   1.0000000e+01   1.4530000e+02
   1.0000000e+01   1.4530833e+02
   1.0000000e+01   1.4531667e+02
   1.0000000e+01   1.4532500e+02
   1.0000000e+01   1.4533333e+02
   1.0000000e+01   1.4534167e+02
   1.0000000e+01   1.4535000e+02
   1.0000000e+01   1.4535833e+02
   1.0000000e+01   1.4536667e+02
   1.0000000e+01   1.4537500e+02
   1.0000000e+01   1.4538333e+02
   1.0000000e+01   1.4539167e+02
   1.0000000e+01   1.4540000e+02
   1.0000000e+01   1.4540833e+02
   1.0000000e+01   1.4541667e+02
   1.0000000e+01   1.4542500e+02
   1.0000000e+01   1.4543333e+02
   1.0000000e+01   1.4544167e+02
   1.0000000e+01   1.4545000e+02
   1.0000000e+01   1.4545833e+02
   1.0000000e+01   1.4546667e+02
   1.0000000e+01   1.4547500e+02
   1.0000000e+01   1.4548333e+02
   1.0000000e+01   1.4549167e+02
   1.0000000e+01   1.4550000e+02
   1.0000000e+01   1.4550833e+02
   1.0000000e+01   1.4551667e+02
   1.0000000e+01   1.4552500e+02
   1.0000000e+01   1.4553333e+02
   1.0000000e+01   1.4554167e+02
   1.0000000e+01   1.4555000e+02
   1.0000000e+01   1.4555833e+02
   1.0000000e+01   1.4556667e+02
   1.0000000e+01   1.4557500e+02
   1.0000000e+01   1.4558333e+02
   1.0000000e+01   1.4559167e+02
   1.0000000e+01   1.4560000e+02
   1.0000000e+01   1.4560833e+02
   1.0000000e+01   1.4561667e+02
   1.0000000e+01   1.4562500e+02
   1.0000000e+01   1.4563333e+02
   1.0000000e+01   1.4564167e+02
   1.0000000e+01   1.4565000e+02
   1.0000000e+01   1.4565833e+02
   1.0000000e+01   1.4566667e+02
   1.0000000e+01   1.4567500e+02
   1.0000000e+01   1.4568333e+02
   1.0000000e+01   1.4569167e+02
   1.0000000e+01   1.4570000e+02
   1.0000000e+01   1.4570833e+02
   1.0000000e+01   1.4571667e+02
   1.0000000e+01   1.4572500e+02
   1.0000000e+01   1.4573333e+02
   1.0000000e+01   1.4574167e+02
   1.0000000e+01   1.4575000e+02
   1.0000000e+01   1.4575833e+02
   1.0000000e+01   1.4576667e+02
   1.0000000e+01   1.4577500e+02
   1.0000000e+01   1.4578333e+02
   1.0000000e+01   1.4579167e+02
   1.0000000e+01   1.4580000e+02
   1.0000000e+01   1.4580833e+02
   1.0000000e+01   1.4581667e+02
   1.0000000e+01   1.4582500e+02
   1.0000000e+01   1.4583333e+02
   1.0000000e+01   1.4584167e+02
   1.0000000e+01   1.4585000e+02
   1.0000000e+01   1.4585833e+02
   1.0000000e+01   1.4586667e+02
   1.0000000e+01   1.4587500e+02
   1.0000000e+01   1.4588333e+02
   1.0000000e+01   1.4589167e+02
   1.0000000e+01   1.4590000e+02
   1.0000000e+01   1.4590833e+02
   1.0000000e+01   1.4591667e+02
   1.0000000e+01   1.4592500e+02
   1.0000000e+01   1.4593333e+02
   1.0000000e+01   1.4594167e+02
   1.0000000e+01   1.4595000e+02
   1.0000000e+01   1.4595833e+02
   1.0000000e+01   1.4596667e+02
   1.0000000e+01   1.4597500e+02
   1.0000000e+01   1.4598333e+02
   1.0000000e+01   1.4599167e+02
   1.0000000e+01   1.4600000e+02
   1.0000000e+01   1.4600833e+02
   1.0000000e+01   1.4601667e+02
   1.0000000e+01   1.4602500e+02
   1.0000000e+01   1.4603333e+02
   1.0000000e+01   1.4604167e+02
   1.0000000e+01   1.4605000e+02
   1.0000000e+01   1.4605833e+02
   1.0000000e+01   1.4606667e+02
   1.0000000e+01   1.4607500e+02
   1.0000000e+01   1.4608333e+02
   1.0000000e+01   1.4609167e+02
   1.0000000e+01   1.4610000e+02
   1.0000000e+01   1.4610833e+02
   1.0000000e+01   1.4611667e+02
   1.0000000e+01   1.4612500e+02
   1.0000000e+01   1.4613333e+02
   1.0000000e+01   1.4614167e+02
   1.0000000e+01   1.4615000e+02
   1.0000000e+01   1.4615833e+02
   1.0000000e+01   1.4616667e+02
   1.0000000e+01   1.4617500e+02
   1.0000000e+01   1.4618333e+02
   1.0000000e+01   1.4619167e+02
   1.0000000e+01   1.4620000e+02
   1.0000000e+01   1.4620833e+02
   1.0000000e+01   1.4621667e+02
   1.0000000e+01   1.4622500e+02
   1.0000000e+01   1.4623333e+02
   1.0000000e+01   1.4624167e+02
   1.0000000e+01   1.4625000e+02
   1.0000000e+01   1.4625833e+02
   1.0000000e+01   1.4626667e+02
   1.0000000e+01   1.4627500e+02
   1.0000000e+01   1.4628333e+02
   1.0000000e+01   1.4629167e+02
   1.0000000e+01   1.4630000e+02
   1.0000000e+01   1.4630833e+02
   1.0000000e+01   1.4631667e+02
   1.0000000e+01   1.4632500e+02
   1.0000000e+01   1.4633333e+02
   1.0000000e+01   1.4634167e+02
   1.0000000e+01   1.4635000e+02
   1.0000000e+01   1.4635833e+02
   1.0000000e+01   1.4636667e+02
   1.0000000e+01   1.4637500e+02
   1.0000000e+01   1.4638333e+02
   1.0000000e+01   1.4639167e+02
   1.0000000e+01   1.4640000e+02
   1.0000000e+01   1.4640833e+02
   1.0000000e+01   1.4641667e+02
   1.0000000e+01   1.4642500e+02
   1.0000000e+01   1.4643333e+02
   1.0000000e+01   1.4644167e+02
   1.0000000e+01   1.4645000e+02
   1.0000000e+01   1.4645833e+02
   1.0000000e+01   1.4646667e+02
   1.0000000e+01   1.4647500e+02
   1.0000000e+01   1.4648333e+02
   1.0000000e+01   1.4649167e+02
   1.0000000e+01   1.4650000e+02
   1.0000000e+01   1.4650833e+02
   1.0000000e+01   1.4651667e+02
   1.0000000e+01   1.4652500e+02
   1.0000000e+01   1.4653333e+02
   1.0000000e+01   1.4654167e+02
   1.0000000e+01   1.4655000e+02
   1.0000000e+01   1.4655833e+02
   1.0000000e+01   1.4656667e+02
   1.0000000e+01   1.4657500e+02
   1.0000000e+01   1.4658333e+02
   1.0000000e+01   1.4659167e+02
   1.0000000e+01   1.4660000e+02
   1.0000000e+01   1.4660833e+02
   1.0000000e+01   1.4661667e+02
   1.0000000e+01   1.4662500e+02
   1.0000000e+01   1.4663333e+02
   1.0000000e+01   1.4664167e+02
   1.0000000e+01   1.4665000e+02
   1.0000000e+01   1.4665833e+02
   1.0000000e+01   1.4666667e+02
   1.0000000e+01   1.4667500e+02
   1.0000000e+01   1.4668333e+02
   1.0000000e+01   1.4669167e+02
   1.0000000e+01   1.4670000e+02
   1.0000000e+01   1.4670833e+02
   1.0000000e+01   1.4671667e+02
   1.0000000e+01   1.4672500e+02
   1.0000000e+01   1.4673333e+02
   1.0000000e+01   1.4674167e+02
   1.0000000e+01   1.4675000e+02
   1.0000000e+01   1.4675833e+02
   1.0000000e+01   1.4676667e+02
   1.0000000e+01   1.4677500e+02
   1.0000000e+01   1.4678333e+02
   1.0000000e+01   1.4679167e+02
   1.0000000e+01   1.4680000e+02
   1.0000000e+01   1.4680833e+02
   1.0000000e+01   1.4681667e+02
   1.0000000e+01   1.4682500e+02
   1.0000000e+01   1.4683333e+02
   1.0000000e+01   1.4684167e+02
   1.0000000e+01   1.4685000e+02
   1.0000000e+01   1.4685833e+02
   1.0000000e+01   1.4686667e+02
   1.0000000e+01   1.4687500e+02
   1.0000000e+01   1.4688333e+02
   1.0000000e+01   1.4689167e+02
   1.0000000e+01   1.4690000e+02
   1.0000000e+01   1.4690833e+02
   1.0000000e+01   1.4691667e+02
   1.0000000e+01   1.4692500e+02
   1.0000000e+01   1.4693333e+02
   1.0000000e+01   1.4694167e+02
   1.0000000e+01   1.4695000e+02
   1.0000000e+01   1.4695833e+02
   1.0000000e+01   1.4696667e+02
   1.0000000e+01   1.4697500e+02
   1.0000000e+01   1.4698333e+02
   1.0000000e+01   1.4699167e+02
   1.0000000e+01   1.4700000e+02
   1.0000000e+01   1.4700843e+02
   1.0000000e+01   1.4701686e+02
   1.0000000e+01   1.4702532e+02
   1.0000000e+01   1.4703380e+02
   1.0000000e+01   1.4704229e+02
   1.0000000e+01   1.4705082e+02
   1.0000000e+01   1.4705937e+02
   1.0000000e+01   1.4706796e+02
   1.0000000e+01   1.4707659e+02
   1.0000000e+01   1.4708526e+02
   1.0000000e+01   1.4709399e+02
   1.0000000e+01   1.4710277e+02
   1.0000000e+01   1.4711163e+02
   1.0000000e+01   1.4712058e+02
   1.0000000e+01   1.4712961e+02
   1.0000000e+01   1.4713876e+02
   1.0000000e+01   1.4714803e+02
   1.0000000e+01   1.4715745e+02
   1.0000000e+01   1.4716704e+02
   1.0000000e+01   1.4717682e+02
   1.0000000e+01   1.4718683e+02
   1.0000000e+01   1.4719709e+02
   1.0000000e+01   1.4720765e+02
   1.0000000e+01   1.4721856e+02
   1.0000000e+01   1.4722986e+02
   1.0000000e+01   1.4724161e+02
   1.0000000e+01   1.4725388e+02
   1.0000000e+01   1.4726674e+02
   1.0000000e+01   1.4728028e+02
   1.0000000e+01   1.4729460e+02
   1.0000000e+01   1.4730981e+02
   1.0000000e+01   1.4732602e+02
   1.0000000e+01   1.4734337e+02
   1.0000000e+01   1.4736201e+02
   1.0000000e+01   1.4738211e+02
   1.0000000e+01   1.4740384e+02
   1.0000000e+01   1.4742740e+02
   1.0000000e+01   1.4745300e+02
   1.0000000e+01   1.4748086e+02
   1.0000000e+01   1.4751120e+02
   1.0000000e+01   1.4754427e+02
   1.0000000e+01   1.4758030e+02
   1.0000000e+01   1.4761953e+02
   1.0000000e+01   1.4766219e+02
   1.0000000e+01   1.4770848e+02
   1.0000000e+01   1.4775859e+02
   1.0000000e+01   1.4781270e+02
   1.0000000e+01   1.4787091e+02
   1.0000000e+01   1.4793333e+02
   1.0000000e+01   1.4800000e+02
   1.0066667e+01   1.4800000e+02
   1.0129086e+01   1.4800000e+02
   1.0187304e+01   1.4800000e+02
   1.0241407e+01   1.4800000e+02
   1.0291523e+01   1.4800000e+02
   1.0337813e+01   1.4800000e+02
   1.0380467e+01   1.4800000e+02
   1.0419696e+01   1.4800000e+02
   1.0455728e+01   1.4800000e+02
   1.0488797e+01   1.4800000e+02
   1.0519142e+01   1.4800000e+02
   1.0547000e+01   1.4800000e+02
   1.0572600e+01   1.4800000e+02
   1.0596162e+01   1.4800000e+02
   1.0617895e+01   1.4800000e+02
   1.0637992e+01   1.4800000e+02
   1.0656634e+01   1.4800000e+02
   1.0673985e+01   1.4800000e+02
   1.0690194e+01   1.4800000e+02
   1.0705398e+01   1.4800000e+02
   1.0719717e+01   1.4800000e+02
   1.0733259e+01   1.4800000e+02
   1.0746123e+01   1.4800000e+02
   1.0758392e+01   1.4800000e+02
   1.0770142e+01   1.4800000e+02
   1.0781441e+01   1.4800000e+02
   1.0792346e+01   1.4800000e+02
   1.0802908e+01   1.4800000e+02
   1.0813173e+01   1.4800000e+02
   1.0823180e+01   1.4800000e+02
   1.0832962e+01   1.4800000e+02
   1.0842550e+01   1.4800000e+02
   1.0851969e+01   1.4800000e+02
   1.0861242e+01   1.4800000e+02
   1.0870388e+01   1.4800000e+02
   1.0879425e+01   1.4800000e+02
   1.0888367e+01   1.4800000e+02
   1.0897226e+01   1.4800000e+02
   1.0906014e+01   1.4800000e+02
   1.0914741e+01   1.4800000e+02
   1.0923415e+01   1.4800000e+02
   1.0932042e+01   1.4800000e+02
   1.0940630e+01   1.4800000e+02
   1.0949183e+01   1.4800000e+02
   1.0957706e+01   1.4800000e+02
   1.0966204e+01   1.4800000e+02
   1.0974679e+01   1.4800000e+02
   1.0983135e+01   1.4800000e+02
   1.0991575e+01   1.4800000e+02
   1.1000000e+01   1.4800000e+02
   1.1008333e+01   1.4800000e+02
   1.1016667e+01   1.4800000e+02
   1.1025000e+01   1.4800000e+02
   1.1033333e+01   1.4800000e+02
   1.1041667e+01   1.4800000e+02
   1.1050000e+01   1.4800000e+02
   1.1058333e+01   1.4800000e+02
   1.1066667e+01   1.4800000e+02
   1.1075000e+01   1.4800000e+02
   1.1083333e+01   1.4800000e+02
   1.1091667e+01   1.4800000e+02
   1.1100000e+01   1.4800000e+02
   1.1108333e+01   1.4800000e+02
   1.1116667e+01   1.4800000e+02
   1.1125000e+01   1.4800000e+02
   1.1133333e+01   1.4800000e+02
   1.1141667e+01   1.4800000e+02
   1.1150000e+01   1.4800000e+02
   1.1158333e+01   1.4800000e+02
   1.1166667e+01   1.4800000e+02
   1.1175000e+01   1.4800000e+02
   1.1183333e+01   1.4800000e+02
   1.1191667e+01   1.4800000e+02
   1.1200000e+01   1.4800000e+02
   1.1208333e+01   1.4800000e+02
   1.1216667e+01   1.4800000e+02
   1.1225000e+01   1.4800000e+02
   1.1233333e+01   1.4800000e+02
   1.1241667e+01   1.4800000e+02
   1.1250000e+01   1.4800000e+02
   1.1258333e+01   1.4800000e+02
   1.1266667e+01   1.4800000e+02
   1.1275000e+01   1.4800000e+02
   1.1283333e+01   1.4800000e+02
   1.1291667e+01   1.4800000e+02
   1.1300000e+01   1.4800000e+02
   1.1308333e+01   1.4800000e+02
   1.1316667e+01   1.4800000e+02
   1.1325000e+01   1.4800000e+02
   1.1333333e+01   1.4800000e+02
   1.1341667e+01   1.4800000e+02
   1.1350000e+01   1.4800000e+02
   1.1358333e+01   1.4800000e+02
   1.1366667e+01   1.4800000e+02
   1.1375000e+01   1.4800000e+02
   1.1383333e+01   1.4800000e+02
   1.1391667e+01   1.4800000e+02
   1.1400000e+01   1.4800000e+02
   1.1408333e+01   1.4800000e+02
   1.1416667e+01   1.4800000e+02
   1.1425000e+01   1.4800000e+02
   1.1433333e+01   1.4800000e+02
   1.1441667e+01   1.4800000e+02
   1.1450000e+01   1.4800000e+02
   1.1458333e+01   1.4800000e+02
   1.1466667e+01   1.4800000e+02
   1.1475000e+01   1.4800000e+02
   1.1483333e+01   1.4800000e+02
   1.1491667e+01   1.4800000e+02
   1.1500000e+01   1.4800000e+02
   1.1508333e+01   1.4800000e+02
   1.1516667e+01   1.4800000e+02
   1.1525000e+01   1.4800000e+02
   1.1533333e+01   1.4800000e+02
   1.1541667e+01   1.4800000e+02
   1.1550000e+01   1.4800000e+02
   1.1558333e+01   1.4800000e+02
   1.1566667e+01   1.4800000e+02
   1.1575000e+01   1.4800000e+02
   1.1583333e+01   1.4800000e+02
   1.1591667e+01   1.4800000e+02
   1.1600000e+01   1.4800000e+02
   1.1608333e+01   1.4800000e+02
   1.1616667e+01   1.4800000e+02
   1.1625000e+01   1.4800000e+02
   1.1633333e+01   1.4800000e+02
   1.1641667e+01   1.4800000e+02
   1.1650000e+01   1.4800000e+02
   1.1658333e+01   1.4800000e+02
   1.1666667e+01   1.4800000e+02
   1.1675000e+01   1.4800000e+02
   1.1683333e+01   1.4800000e+02
   1.1691667e+01   1.4800000e+02
   1.1700000e+01   1.4800000e+02
   1.1708333e+01   1.4800000e+02
   1.1716667e+01   1.4800000e+02
   1.1725000e+01   1.4800000e+02
   1.1733333e+01   1.4800000e+02
   1.1741667e+01   1.4800000e+02
   1.1750000e+01   1.4800000e+02
   1.1758333e+01   1.4800000e+02
   1.1766667e+01   1.4800000e+02
   1.1775000e+01   1.4800000e+02
   1.1783333e+01   1.4800000e+02
   1.1791667e+01   1.4800000e+02
   1.1800000e+01   1.4800000e+02
   1.1808333e+01   1.4800000e+02
   1.1816667e+01   1.4800000e+02
   1.1825000e+01   1.4800000e+02
   1.1833333e+01   1.4800000e+02
   1.1841667e+01   1.4800000e+02
   1.1850000e+01   1.4800000e+02
   1.1858333e+01   1.4800000e+02
   1.1866667e+01   1.4800000e+02
   1.1875000e+01   1.4800000e+02
   1.1883333e+01   1.4800000e+02
   1.1891667e+01   1.4800000e+02
   1.1900000e+01   1.4800000e+02
   1.1908333e+01   1.4800000e+02
   1.1916667e+01   1.4800000e+02
   1.1925000e+01   1.4800000e+02
   1.1933333e+01   1.4800000e+02
   1.1941667e+01   1.4800000e+02
   1.1950000e+01   1.4800000e+02
   1.1958333e+01   1.4800000e+02
   1.1966667e+01   1.4800000e+02
   1.1975000e+01   1.4800000e+02
   1.1983333e+01   1.4800000e+02
   1.1991667e+01   1.4800000e+02
   1.2000000e+01   1.4800000e+02
   1.2008333e+01   1.4800000e+02
   1.2016667e+01   1.4800000e+02
   1.2025000e+01   1.4800000e+02
   1.2033333e+01   1.4800000e+02
   1.2041667e+01   1.4800000e+02
   1.2050000e+01   1.4800000e+02
   1.2058333e+01   1.4800000e+02
   1.2066667e+01   1.4800000e+02
   1.2075000e+01   1.4800000e+02
   1.2083333e+01   1.4800000e+02
   1.2091667e+01   1.4800000e+02
   1.2100000e+01   1.4800000e+02
   1.2108333e+01   1.4800000e+02
   1.2116667e+01   1.4800000e+02
   1.2125000e+01   1.4800000e+02
   1.2133333e+01   1.4800000e+02
   1.2141667e+01   1.4800000e+02
   1.2150000e+01   1.4800000e+02
   1.2158333e+01   1.4800000e+02
   1.2166667e+01   1.4800000e+02
   1.2175000e+01   1.4800000e+02
   1.2183333e+01   1.4800000e+02
   1.2191667e+01   1.4800000e+02
   1.2200000e+01   1.4800000e+02
   1.2208333e+01   1.4800000e+02
   1.2216667e+01   1.4800000e+02
   1.2225000e+01   1.4800000e+02
   1.2233333e+01   1.4800000e+02
   1.2241667e+01   1.4800000e+02
   1.2250000e+01   1.4800000e+02
   1.2258333e+01   1.4800000e+02
   1.2266667e+01   1.4800000e+02
   1.2275000e+01   1.4800000e+02
   1.2283333e+01   1.4800000e+02
   1.2291667e+01   1.4800000e+02
   1.2300000e+01   1.4800000e+02
   1.2308333e+01   1.4800000e+02
   1.2316667e+01   1.4800000e+02
   1.2325000e+01   1.4800000e+02
   1.2333333e+01   1.4800000e+02
   1.2341667e+01   1.4800000e+02
   1.2350000e+01   1.4800000e+02
   1.2358333e+01   1.4800000e+02
   1.2366667e+01   1.4800000e+02
   1.2375000e+01   1.4800000e+02
   1.2383333e+01   1.4800000e+02
   1.2391667e+01   1.4800000e+02
   1.2400000e+01   1.4800000e+02
   1.2408333e+01   1.4800000e+02
   1.2416667e+01   1.4800000e+02
   1.2425000e+01   1.4800000e+02
   1.2433333e+01   1.4800000e+02
   1.2441667e+01   1.4800000e+02
   1.2450000e+01   1.4800000e+02
   1.2458333e+01   1.4800000e+02
   1.2466667e+01   1.4800000e+02
   1.2475000e+01   1.4800000e+02
   1.2483333e+01   1.4800000e+02
   1.2491667e+01   1.4800000e+02
   1.2500000e+01   1.4800000e+02
   1.2508333e+01   1.4800000e+02
   1.2516667e+01   1.4800000e+02
   1.2525000e+01   1.4800000e+02
   1.2533333e+01   1.4800000e+02
   1.2541667e+01   1.4800000e+02
   1.2550000e+01   1.4800000e+02
   1.2558333e+01   1.4800000e+02
   1.2566667e+01   1.4800000e+02
   1.2575000e+01   1.4800000e+02
   1.2583333e+01   1.4800000e+02
   1.2591667e+01   1.4800000e+02
   1.2600000e+01   1.4800000e+02
   1.2608333e+01   1.4800000e+02
   1.2616667e+01   1.4800000e+02
   1.2625000e+01   1.4800000e+02
   1.2633333e+01   1.4800000e+02
   1.2641667e+01   1.4800000e+02
   1.2650000e+01   1.4800000e+02
   1.2658333e+01   1.4800000e+02
   1.2666667e+01   1.4800000e+02
   1.2675000e+01   1.4800000e+02
   1.2683333e+01   1.4800000e+02
   1.2691667e+01   1.4800000e+02
   1.2700000e+01   1.4800000e+02
   1.2708333e+01   1.4800000e+02
   1.2716667e+01   1.4800000e+02
   1.2725000e+01   1.4800000e+02
   1.2733333e+01   1.4800000e+02
   1.2741667e+01   1.4800000e+02
   1.2750000e+01   1.4800000e+02
   1.2758333e+01   1.4800000e+02
   1.2766667e+01   1.4800000e+02
   1.2775000e+01   1.4800000e+02
   1.2783333e+01   1.4800000e+02
   1.2791667e+01   1.4800000e+02
   1.2800000e+01   1.4800000e+02
   1.2808333e+01   1.4800000e+02
   1.2816667e+01   1.4800000e+02
   1.2825000e+01   1.4800000e+02
   1.2833333e+01   1.4800000e+02
   1.2841667e+01   1.4800000e+02
   1.2850000e+01   1.4800000e+02
   1.2858333e+01   1.4800000e+02
   1.2866667e+01   1.4800000e+02
   1.2875000e+01   1.4800000e+02
   1.2883333e+01   1.4800000e+02
   1.2891667e+01   1.4800000e+02
   1.2900000e+01   1.4800000e+02
   1.2908333e+01   1.4800000e+02
   1.2916667e+01   1.4800000e+02
   1.2925000e+01   1.4800000e+02
   1.2933333e+01   1.4800000e+02
   1.2941667e+01   1.4800000e+02
   1.2950000e+01   1.4800000e+02
   1.2958333e+01   1.4800000e+02
   1.2966667e+01   1.4800000e+02
   1.2975000e+01   1.4800000e+02
   1.2983333e+01   1.4800000e+02
   1.2991667e+01   1.4800000e+02
   1.3000000e+01   1.4800000e+02
   1.3008333e+01   1.4800000e+02
   1.3016667e+01   1.4800000e+02
   1.3025000e+01   1.4800000e+02
   1.3033333e+01   1.4800000e+02
   1.3041667e+01   1.4800000e+02
   1.3050000e+01   1.4800000e+02
   1.3058333e+01   1.4800000e+02
   1.3066667e+01   1.4800000e+02
   1.3075000e+01   1.4800000e+02
   1.3083333e+01   1.4800000e+02
   1.3091667e+01   1.4800000e+02
   1.3100000e+01   1.4800000e+02
   1.3108333e+01   1.4800000e+02
   1.3116667e+01   1.4800000e+02
   1.3125000e+01   1.4800000e+02
   1.3133333e+01   1.4800000e+02
   1.3141667e+01   1.4800000e+02
   1.3150000e+01   1.4800000e+02
   1.3158333e+01   1.4800000e+02
   1.3166667e+01   1.4800000e+02
   1.3175000e+01   1.4800000e+02
   1.3183333e+01   1.4800000e+02
   1.3191667e+01   1.4800000e+02
   1.3200000e+01   1.4800000e+02
   1.3208333e+01   1.4800000e+02
   1.3216667e+01   1.4800000e+02
   1.3225000e+01   1.4800000e+02
   1.3233333e+01   1.4800000e+02
   1.3241667e+01   1.4800000e+02
   1.3250000e+01   1.4800000e+02
   1.3258333e+01   1.4800000e+02
   1.3266667e+01   1.4800000e+02
   1.3275000e+01   1.4800000e+02
   1.3283333e+01   1.4800000e+02
   1.3291667e+01   1.4800000e+02
   1.3300000e+01   1.4800000e+02
   1.3308333e+01   1.4800000e+02
   1.3316667e+01   1.4800000e+02
   1.3325000e+01   1.4800000e+02
   1.3333333e+01   1.4800000e+02
   1.3341667e+01   1.4800000e+02
   1.3350000e+01   1.4800000e+02
   1.3358333e+01   1.4800000e+02
   1.3366667e+01   1.4800000e+02
   1.3375000e+01   1.4800000e+02
   1.3383333e+01   1.4800000e+02
   1.3391667e+01   1.4800000e+02
   1.3400000e+01   1.4800000e+02
   1.3408333e+01   1.4800000e+02
   1.3416667e+01   1.4800000e+02
   1.3425000e+01   1.4800000e+02
   1.3433333e+01   1.4800000e+02
   1.3441667e+01   1.4800000e+02
   1.3450000e+01   1.4800000e+02
   1.3458333e+01   1.4800000e+02
   1.3466667e+01   1.4800000e+02
   1.3475000e+01   1.4800000e+02
   1.3483333e+01   1.4800000e+02
   1.3491667e+01   1.4800000e+02
   1.3500000e+01   1.4800000e+02
   1.3508333e+01   1.4800000e+02
   1.3516667e+01   1.4800000e+02
   1.3525000e+01   1.4800000e+02
   1.3533333e+01   1.4800000e+02
   1.3541667e+01   1.4800000e+02
   1.3550000e+01   1.4800000e+02
   1.3558333e+01   1.4800000e+02
   1.3566667e+01   1.4800000e+02
   1.3575000e+01   1.4800000e+02
   1.3583333e+01   1.4800000e+02
   1.3591667e+01   1.4800000e+02
   1.3600000e+01   1.4800000e+02
   1.3608333e+01   1.4800000e+02
   1.3616667e+01   1.4800000e+02
   1.3625000e+01   1.4800000e+02
   1.3633333e+01   1.4800000e+02
   1.3641667e+01   1.4800000e+02
   1.3650000e+01   1.4800000e+02
   1.3658333e+01   1.4800000e+02
   1.3666667e+01   1.4800000e+02
   1.3675000e+01   1.4800000e+02
   1.3683333e+01   1.4800000e+02
   1.3691667e+01   1.4800000e+02
   1.3700000e+01   1.4800000e+02
   1.3708333e+01   1.4800000e+02
   1.3716667e+01   1.4800000e+02
   1.3725000e+01   1.4800000e+02
   1.3733333e+01   1.4800000e+02
   1.3741667e+01   1.4800000e+02
   1.3750000e+01   1.4800000e+02
   1.3758333e+01   1.4800000e+02
   1.3766667e+01   1.4800000e+02
   1.3775000e+01   1.4800000e+02
   1.3783333e+01   1.4800000e+02
   1.3791667e+01   1.4800000e+02
   1.3800000e+01   1.4800000e+02
   1.3808333e+01   1.4800000e+02
   1.3816667e+01   1.4800000e+02
   1.3825000e+01   1.4800000e+02
   1.3833333e+01   1.4800000e+02
   1.3841667e+01   1.4800000e+02
   1.3850000e+01   1.4800000e+02
   1.3858333e+01   1.4800000e+02
   1.3866667e+01   1.4800000e+02
   1.3875000e+01   1.4800000e+02
   1.3883333e+01   1.4800000e+02
   1.3891667e+01   1.4800000e+02
   1.3900000e+01   1.4800000e+02
   1.3908333e+01   1.4800000e+02
   1.3916667e+01   1.4800000e+02
   1.3925000e+01   1.4800000e+02
   1.3933333e+01   1.4800000e+02
   1.3941667e+01   1.4800000e+02
   1.3950000e+01   1.4800000e+02
   1.3958333e+01   1.4800000e+02
   1.3966667e+01   1.4800000e+02
   1.3975000e+01   1.4800000e+02
   1.3983333e+01   1.4800000e+02
   1.3991667e+01   1.4800000e+02
   1.4000000e+01   1.4800000e+02
   1.4008333e+01   1.4800000e+02
   1.4016667e+01   1.4800000e+02
   1.4025000e+01   1.4800000e+02
   1.4033333e+01   1.4800000e+02
   1.4041667e+01   1.4800000e+02
   1.4050000e+01   1.4800000e+02
   1.4058333e+01   1.4800000e+02
   1.4066667e+01   1.4800000e+02
   1.4075000e+01   1.4800000e+02
   1.4083333e+01   1.4800000e+02
   1.4091667e+01   1.4800000e+02
   1.4100000e+01   1.4800000e+02
   1.4108333e+01   1.4800000e+02
   1.4116667e+01   1.4800000e+02
   1.4125000e+01   1.4800000e+02
   1.4133333e+01   1.4800000e+02
   1.4141667e+01   1.4800000e+02
   1.4150000e+01   1.4800000e+02
   1.4158333e+01   1.4800000e+02
   1.4166667e+01   1.4800000e+02
   1.4175000e+01   1.4800000e+02
   1.4183333e+01   1.4800000e+02
   1.4191667e+01   1.4800000e+02
   1.4200000e+01   1.4800000e+02
   1.4208333e+01   1.4800000e+02
   1.4216667e+01   1.4800000e+02
   1.4225000e+01   1.4800000e+02
   1.4233333e+01   1.4800000e+02
   1.4241667e+01   1.4800000e+02
   1.4250000e+01   1.4800000e+02
   1.4258333e+01   1.4800000e+02
   1.4266667e+01   1.4800000e+02
   1.4275000e+01   1.4800000e+02
   1.4283333e+01   1.4800000e+02
   1.4291667e+01   1.4800000e+02
   1.4300000e+01   1.4800000e+02
   1.4308333e+01   1.4800000e+02
   1.4316667e+01   1.4800000e+02
   1.4325000e+01   1.4800000e+02
   1.4333333e+01   1.4800000e+02
   1.4341667e+01   1.4800000e+02
   1.4350000e+01   1.4800000e+02
   1.4358333e+01   1.4800000e+02
   1.4366667e+01   1.4800000e+02
   1.4375000e+01   1.4800000e+02
   1.4383333e+01   1.4800000e+02
   1.4391667e+01   1.4800000e+02
   1.4400000e+01   1.4800000e+02
   1.4408333e+01   1.4800000e+02
   1.4416667e+01   1.4800000e+02
   1.4425000e+01   1.4800000e+02
   1.4433333e+01   1.4800000e+02
   1.4441667e+01   1.4800000e+02
   1.4450000e+01   1.4800000e+02
   1.4458333e+01   1.4800000e+02
   1.4466667e+01   1.4800000e+02
   1.4475000e+01   1.4800000e+02
   1.4483333e+01   1.4800000e+02
   1.4491667e+01   1.4800000e+02
   1.4500000e+01   1.4800000e+02
   1.4508333e+01   1.4800000e+02
   1.4516667e+01   1.4800000e+02
   1.4525000e+01   1.4800000e+02
   1.4533333e+01   1.4800000e+02
   1.4541667e+01   1.4800000e+02
   1.4550000e+01   1.4800000e+02
   1.4558333e+01   1.4800000e+02
   1.4566667e+01   1.4800000e+02
   1.4575000e+01   1.4800000e+02
   1.4583333e+01   1.4800000e+02
   1.4591667e+01   1.4800000e+02
   1.4600000e+01   1.4800000e+02
   1.4608333e+01   1.4800000e+02
   1.4616667e+01   1.4800000e+02
   1.4625000e+01   1.4800000e+02
   1.4633333e+01   1.4800000e+02
   1.4641667e+01   1.4800000e+02
   1.4650000e+01   1.4800000e+02
   1.4658333e+01   1.4800000e+02
   1.4666667e+01   1.4800000e+02
   1.4675000e+01   1.4800000e+02
   1.4683333e+01   1.4800000e+02
   1.4691667e+01   1.4800000e+02
   1.4700000e+01   1.4800000e+02
   1.4708333e+01   1.4800000e+02
   1.4716667e+01   1.4800000e+02
   1.4725000e+01   1.4800000e+02
   1.4733333e+01   1.4800000e+02
   1.4741667e+01   1.4800000e+02
   1.4750000e+01   1.4800000e+02
   1.4758333e+01   1.4800000e+02
   1.4766667e+01   1.4800000e+02
   1.4775000e+01   1.4800000e+02
   1.4783333e+01   1.4800000e+02
   1.4791667e+01   1.4800000e+02
   1.4800000e+01   1.4800000e+02
   1.4808333e+01   1.4800000e+02
   1.4816667e+01   1.4800000e+02
   1.4825000e+01   1.4800000e+02
   1.4833333e+01   1.4800000e+02
   1.4841667e+01   1.4800000e+02
   1.4850000e+01   1.4800000e+02
   1.4858333e+01   1.4800000e+02
   1.4866667e+01   1.4800000e+02
   1.4875000e+01   1.4800000e+02
   1.4883333e+01   1.4800000e+02
   1.4891667e+01   1.4800000e+02
   1.4900000e+01   1.4800000e+02
   1.4908333e+01   1.4800000e+02
   1.4916667e+01   1.4800000e+02
   1.4925000e+01   1.4800000e+02
   1.4933333e+01   1.4800000e+02
   1.4941667e+01   1.4800000e+02
   1.4950000e+01   1.4800000e+02
   1.4958333e+01   1.4800000e+02
   1.4966667e+01   1.4800000e+02
   1.4975000e+01   1.4800000e+02
   1.4983333e+01   1.4800000e+02
   1.4991667e+01   1.4800000e+02
   1.5000000e+01   1.4800000e+02
   1.5008333e+01   1.4800000e+02
   1.5016667e+01   1.4800000e+02
   1.5025000e+01   1.4800000e+02
   1.5033333e+01   1.4800000e+02
   1.5041667e+01   1.4800000e+02
   1.5050000e+01   1.4800000e+02
   1.5058333e+01   1.4800000e+02
   1.5066667e+01   1.4800000e+02
   1.5075000e+01   1.4800000e+02
   1.5083333e+01   1.4800000e+02
   1.5091667e+01   1.4800000e+02
   1.5100000e+01   1.4800000e+02
   1.5108333e+01   1.4800000e+02
   1.5116667e+01   1.4800000e+02
   1.5125000e+01   1.4800000e+02
   1.5133333e+01   1.4800000e+02
   1.5141667e+01   1.4800000e+02
   1.5150000e+01   1.4800000e+02
   1.5158333e+01   1.4800000e+02
   1.5166667e+01   1.4800000e+02
   1.5175000e+01   1.4800000e+02
   1.5183333e+01   1.4800000e+02
   1.5191667e+01   1.4800000e+02
   1.5200000e+01   1.4800000e+02
   1.5208333e+01   1.4800000e+02
   1.5216667e+01   1.4800000e+02
   1.5225000e+01   1.4800000e+02
   1.5233333e+01   1.4800000e+02
   1.5241667e+01   1.4800000e+02
   1.5250000e+01   1.4800000e+02
   1.5258333e+01   1.4800000e+02
   1.5266667e+01   1.4800000e+02
   1.5275000e+01   1.4800000e+02
   1.5283333e+01   1.4800000e+02
   1.5291667e+01   1.4800000e+02
   1.5300000e+01   1.4800000e+02
   1.5308333e+01   1.4800000e+02
   1.5316667e+01   1.4800000e+02
   1.5325000e+01   1.4800000e+02
   1.5333333e+01   1.4800000e+02
   1.5341667e+01   1.4800000e+02
   1.5350000e+01   1.4800000e+02
   1.5358333e+01   1.4800000e+02
   1.5366667e+01   1.4800000e+02
   1.5375000e+01   1.4800000e+02
   1.5383333e+01   1.4800000e+02
   1.5391667e+01   1.4800000e+02
   1.5400000e+01   1.4800000e+02
   1.5408333e+01   1.4800000e+02
   1.5416667e+01   1.4800000e+02
   1.5425000e+01   1.4800000e+02
   1.5433333e+01   1.4800000e+02
   1.5441667e+01   1.4800000e+02
   1.5450000e+01   1.4800000e+02
   1.5458333e+01   1.4800000e+02
   1.5466667e+01   1.4800000e+02
   1.5475000e+01   1.4800000e+02
   1.5483333e+01   1.4800000e+02
   1.5491667e+01   1.4800000e+02
   1.5500000e+01   1.4800000e+02
   1.5508333e+01   1.4800000e+02
   1.5516667e+01   1.4800000e+02
   1.5525000e+01   1.4800000e+02
   1.5533333e+01   1.4800000e+02
   1.5541667e+01   1.4800000e+02
   1.5550000e+01   1.4800000e+02
   1.5558333e+01   1.4800000e+02
   1.5566667e+01   1.4800000e+02
   1.5575000e+01   1.4800000e+02
   1.5583333e+01   1.4800000e+02
   1.5591667e+01   1.4800000e+02
   1.5600000e+01   1.4800000e+02
   1.5608333e+01   1.4800000e+02
   1.5616667e+01   1.4800000e+02
   1.5625000e+01   1.4800000e+02
   1.5633333e+01   1.4800000e+02
   1.5641667e+01   1.4800000e+02
   1.5650000e+01   1.4800000e+02
   1.5658333e+01   1.4800000e+02
   1.5666667e+01   1.4800000e+02
   1.5675000e+01   1.4800000e+02
   1.5683333e+01   1.4800000e+02
   1.5691667e+01   1.4800000e+02
   1.5700000e+01   1.4800000e+02
   1.5708333e+01   1.4800000e+02
   1.5716667e+01   1.4800000e+02
   1.5725000e+01   1.4800000e+02
   1.5733333e+01   1.4800000e+02
   1.5741667e+01   1.4800000e+02
   1.5750000e+01   1.4800000e+02
   1.5758333e+01   1.4800000e+02
   1.5766667e+01   1.4800000e+02
   1.5775000e+01   1.4800000e+02
   1.5783333e+01   1.4800000e+02
   1.5791667e+01   1.4800000e+02
   1.5800000e+01   1.4800000e+02
   1.5808333e+01   1.4800000e+02
   1.5816667e+01   1.4800000e+02
   1.5825000e+01   1.4800000e+02
   1.5833333e+01   1.4800000e+02
   1.5841667e+01   1.4800000e+02
   1.5850000e+01   1.4800000e+02
   1.5858333e+01   1.4800000e+02
   1.5866667e+01   1.4800000e+02
   1.5875000e+01   1.4800000e+02
   1.5883333e+01   1.4800000e+02
   1.5891667e+01   1.4800000e+02
   1.5900000e+01   1.4800000e+02
   1.5908333e+01   1.4800000e+02
   1.5916667e+01   1.4800000e+02
   1.5925000e+01   1.4800000e+02
   1.5933333e+01   1.4800000e+02
   1.5941667e+01   1.4800000e+02
   1.5950000e+01   1.4800000e+02
   1.5958333e+01   1.4800000e+02
   1.5966667e+01   1.4800000e+02
   1.5975000e+01   1.4800000e+02
   1.5983333e+01   1.4800000e+02
   1.5991667e+01   1.4800000e+02
   1.6000000e+01   1.4800000e+02
   1.6008333e+01   1.4800000e+02
   1.6016667e+01   1.4800000e+02
   1.6025000e+01   1.4800000e+02
   1.6033333e+01   1.4800000e+02
   1.6041667e+01   1.4800000e+02
   1.6050000e+01   1.4800000e+02
   1.6058333e+01   1.4800000e+02
   1.6066667e+01   1.4800000e+02
   1.6075000e+01   1.4800000e+02
   1.6083333e+01   1.4800000e+02
   1.6091667e+01   1.4800000e+02
   1.6100000e+01   1.4800000e+02
   1.6108333e+01   1.4800000e+02
   1.6116667e+01   1.4800000e+02
   1.6125000e+01   1.4800000e+02
   1.6133333e+01   1.4800000e+02
   1.6141667e+01   1.4800000e+02
   1.6150000e+01   1.4800000e+02
   1.6158333e+01   1.4800000e+02
   1.6166667e+01   1.4800000e+02
   1.6175000e+01   1.4800000e+02
   1.6183333e+01   1.4800000e+02
   1.6191667e+01   1.4800000e+02
   1.6200000e+01   1.4800000e+02
   1.6208333e+01   1.4800000e+02
   1.6216667e+01   1.4800000e+02
   1.6225000e+01   1.4800000e+02
   1.6233333e+01   1.4800000e+02
   1.6241667e+01   1.4800000e+02
   1.6250000e+01   1.4800000e+02
   1.6258333e+01   1.4800000e+02
   1.6266667e+01   1.4800000e+02
   1.6275000e+01   1.4800000e+02
   1.6283333e+01   1.4800000e+02
   1.6291667e+01   1.4800000e+02
   1.6300000e+01   1.4800000e+02
   1.6308333e+01   1.4800000e+02
   1.6316667e+01   1.4800000e+02
   1.6325000e+01   1.4800000e+02
   1.6333333e+01   1.4800000e+02
   1.6341667e+01   1.4800000e+02
   1.6350000e+01   1.4800000e+02
   1.6358333e+01   1.4800000e+02
   1.6366667e+01   1.4800000e+02
   1.6375000e+01   1.4800000e+02
   1.6383333e+01   1.4800000e+02
   1.6391667e+01   1.4800000e+02
   1.6400000e+01   1.4800000e+02
   1.6408333e+01   1.4800000e+02
   1.6416667e+01   1.4800000e+02
   1.6425000e+01   1.4800000e+02
   1.6433333e+01   1.4800000e+02
   1.6441667e+01   1.4800000e+02
   1.6450000e+01   1.4800000e+02
   1.6458333e+01   1.4800000e+02
   1.6466667e+01   1.4800000e+02
   1.6475000e+01   1.4800000e+02
   1.6483333e+01   1.4800000e+02
   1.6491667e+01   1.4800000e+02
   1.6500000e+01   1.4800000e+02
   1.6508333e+01   1.4800000e+02
   1.6516667e+01   1.4800000e+02
   1.6525000e+01   1.4800000e+02
   1.6533333e+01   1.4800000e+02
   1.6541667e+01   1.4800000e+02
   1.6550000e+01   1.4800000e+02
   1.6558333e+01   1.4800000e+02
   1.6566667e+01   1.4800000e+02
   1.6575000e+01   1.4800000e+02
   1.6583333e+01   1.4800000e+02
   1.6591667e+01   1.4800000e+02
   1.6600000e+01   1.4800000e+02
   1.6608333e+01   1.4800000e+02
   1.6616667e+01   1.4800000e+02
   1.6625000e+01   1.4800000e+02
   1.6633333e+01   1.4800000e+02
   1.6641667e+01   1.4800000e+02
   1.6650000e+01   1.4800000e+02
   1.6658333e+01   1.4800000e+02
   1.6666667e+01   1.4800000e+02
   1.6675000e+01   1.4800000e+02
   1.6683333e+01   1.4800000e+02
   1.6691667e+01   1.4800000e+02
   1.6700000e+01   1.4800000e+02
   1.6708333e+01   1.4800000e+02
   1.6716667e+01   1.4800000e+02
   1.6725000e+01   1.4800000e+02
   1.6733333e+01   1.4800000e+02
   1.6741667e+01   1.4800000e+02
   1.6750000e+01   1.4800000e+02
   1.6758333e+01   1.4800000e+02
   1.6766667e+01   1.4800000e+02
   1.6775000e+01   1.4800000e+02
   1.6783333e+01   1.4800000e+02
   1.6791667e+01   1.4800000e+02
   1.6800000e+01   1.4800000e+02
   1.6808333e+01   1.4800000e+02
   1.6816667e+01   1.4800000e+02
   1.6825000e+01   1.4800000e+02
   1.6833333e+01   1.4800000e+02
   1.6841667e+01   1.4800000e+02
   1.6850000e+01   1.4800000e+02
   1.6858333e+01   1.4800000e+02
   1.6866667e+01   1.4800000e+02
   1.6875000e+01   1.4800000e+02
   1.6883333e+01   1.4800000e+02
   1.6891667e+01   1.4800000e+02
   1.6900000e+01   1.4800000e+02
   1.6908333e+01   1.4800000e+02
   1.6916667e+01   1.4800000e+02
   1.6925000e+01   1.4800000e+02
   1.6933333e+01   1.4800000e+02
   1.6941667e+01   1.4800000e+02
   1.6950000e+01   1.4800000e+02
   1.6958333e+01   1.4800000e+02
   1.6966667e+01   1.4800000e+02
   1.6975000e+01   1.4800000e+02
   1.6983333e+01   1.4800000e+02
   1.6991667e+01   1.4800000e+02
   1.7000000e+01   1.4800000e+02
   1.7008425e+01   1.4800000e+02
   1.7016865e+01   1.4800000e+02
   1.7025321e+01   1.4800000e+02
   1.7033796e+01   1.4800000e+02
   1.7042294e+01   1.4800000e+02
   1.7050817e+01   1.4800000e+02
   1.7059370e+01   1.4800000e+02
   1.7067958e+01   1.4800000e+02
   1.7076585e+01   1.4800000e+02
   1.7085259e+01   1.4800000e+02
   1.7093986e+01   1.4800000e+02
   1.7102774e+01   1.4800000e+02
   1.7111633e+01   1.4800000e+02
   1.7120575e+01   1.4800000e+02
   1.7129612e+01   1.4800000e+02
   1.7138758e+01   1.4800000e+02
   1.7148031e+01   1.4800000e+02
   1.7157450e+01   1.4800000e+02
   1.7167038e+01   1.4800000e+02
   1.7176820e+01   1.4800000e+02
   1.7186827e+01   1.4800000e+02
   1.7197092e+01   1.4800000e+02
   1.7207654e+01   1.4800000e+02
   1.7218559e+01   1.4800000e+02
   1.7229858e+01   1.4800000e+02
   1.7241608e+01   1.4800000e+02
   1.7253877e+01   1.4800000e+02
   1.7266741e+01   1.4800000e+02
   1.7280283e+01   1.4800000e+02
   1.7294602e+01   1.4800000e+02
   1.7309806e+01   1.4800000e+02
   1.7326015e+01   1.4800000e+02
   1.7343366e+01   1.4800000e+02
   1.7362008e+01   1.4800000e+02
   1.7382105e+01   1.4800000e+02
   1.7403838e+01   1.4800000e+02
   1.7427400e+01   1.4800000e+02
   1.7453000e+01   1.4800000e+02
   1.7480858e+01   1.4800000e+02
   1.7511203e+01   1.4800000e+02
   1.7544272e+01   1.4800000e+02
   1.7580304e+01   1.4800000e+02
   1.7619533e+01   1.4800000e+02
   1.7662187e+01   1.4800000e+02
   1.7708477e+01   1.4800000e+02
   1.7758593e+01   1.4800000e+02
   1.7812696e+01   1.4800000e+02
   1.7870914e+01   1.4800000e+02
   1.7933333e+01   1.4800000e+02
   1.8000000e+01   1.4800000e+02
   1.8000000e+01   1.4793333e+02
   1.8000000e+01   1.4787091e+02
   1.8000000e+01   1.4781270e+02
   1.8000000e+01   1.4775859e+02
   1.8000000e+01   1.4770848e+02
   1.8000000e+01   1.4766219e+02
   1.8000000e+01   1.4761953e+02
   1.8000000e+01   1.4758030e+02
   1.8000000e+01   1.4754427e+02
   1.8000000e+01   1.4751120e+02
   1.8000000e+01   1.4748086e+02
   1.8000000e+01   1.4745300e+02
   1.8000000e+01   1.4742740e+02
   1.8000000e+01   1.4740384e+02
   1.8000000e+01   1.4738211e+02
   1.8000000e+01   1.4736201e+02
   1.8000000e+01   1.4734337e+02
   1.8000000e+01   1.4732602e+02
   1.8000000e+01   1.4730981e+02
   1.8000000e+01   1.4729460e+02
   1.8000000e+01   1.4728028e+02
   1.8000000e+01   1.4726674e+02
   1.8000000e+01   1.4725388e+02
   1.8000000e+01   1.4724161e+02
   1.8000000e+01   1.4722986e+02
   1.8000000e+01   1.4721856e+02
   1.8000000e+01   1.4720765e+02
   1.8000000e+01   1.4719709e+02
   1.8000000e+01   1.4718683e+02
   1.8000000e+01   1.4717682e+02
   1.8000000e+01   1.4716704e+02
   1.8000000e+01   1.4715745e+02
   1.8000000e+01   1.4714803e+02
   1.8000000e+01   1.4713876e+02
   1.8000000e+01   1.4712961e+02
   1.8000000e+01   1.4712058e+02
   1.8000000e+01   1.4711163e+02
   1.8000000e+01   1.4710277e+02
   1.8000000e+01   1.4709399e+02
   1.8000000e+01   1.4708526e+02
   1.8000000e+01   1.4707659e+02
   1.8000000e+01   1.4706796e+02
   1.8000000e+01   1.4705937e+02
   1.8000000e+01   1.4705082e+02
   1.8000000e+01   1.4704229e+02
   1.8000000e+01   1.4703380e+02
   1.8000000e+01   1.4702532e+02
   1.8000000e+01   1.4701686e+02
   1.8000000e+01   1.4700843e+02
   1.8000000e+01   1.4700000e+02
   1.8000000e+01   1.4699167e+02
   1.8000000e+01   1.4698333e+02
   1.8000000e+01   1.4697500e+02
   1.8000000e+01   1.4696667e+02
   1.8000000e+01   1.4695833e+02
   1.8000000e+01   1.4695000e+02
   1.8000000e+01   1.4694167e+02
   1.8000000e+01   1.4693333e+02
   1.8000000e+01   1.4692500e+02
   1.8000000e+01   1.4691667e+02
   1.8000000e+01   1.4690833e+02
   1.8000000e+01   1.4690000e+02
   1.8000000e+01   1.4689167e+02
   1.8000000e+01   1.4688333e+02
   1.8000000e+01   1.4687500e+02
   1.8000000e+01   1.4686667e+02
   1.8000000e+01   1.4685833e+02
   1.8000000e+01   1.4685000e+02
   1.8000000e+01   1.4684167e+02
   1.8000000e+01   1.4683333e+02
   1.8000000e+01   1.4682500e+02
   1.8000000e+01   1.4681667e+02
   1.8000000e+01   1.4680833e+02
   1.8000000e+01   1.4680000e+02
   1.8000000e+01   1.4679167e+02
   1.8000000e+01   1.4678333e+02
   1.8000000e+01   1.4677500e+02
   1.8000000e+01   1.4676667e+02
   1.8000000e+01   1.4675833e+02
   1.8000000e+01   1.4675000e+02
   1.8000000e+01   1.4674167e+02
   1.8000000e+01   1.4673333e+02
   1.8000000e+01   1.4672500e+02
   1.8000000e+01   1.4671667e+02
   1.8000000e+01   1.4670833e+02
   1.8000000e+01   1.4670000e+02
   1.8000000e+01   1.4669167e+02
   1.8000000e+01   1.4668333e+02
   1.8000000e+01   1.4667500e+02
   1.8000000e+01   1.4666667e+02
   1.8000000e+01   1.4665833e+02
   1.8000000e+01   1.4665000e+02
   1.8000000e+01   1.4664167e+02
   1.8000000e+01   1.4663333e+02
   1.8000000e+01   1.4662500e+02
   1.8000000e+01   1.4661667e+02
   1.8000000e+01   1.4660833e+02
   1.8000000e+01   1.4660000e+02
   1.8000000e+01   1.4659167e+02
   1.8000000e+01   1.4658333e+02
   1.8000000e+01   1.4657500e+02
   1.8000000e+01   1.4656667e+02
   1.8000000e+01   1.4655833e+02
   1.8000000e+01   1.4655000e+02
   1.8000000e+01   1.4654167e+02
   1.8000000e+01   1.4653333e+02
   1.8000000e+01   1.4652500e+02
   1.8000000e+01   1.4651667e+02
   1.8000000e+01   1.4650833e+02
   1.8000000e+01   1.4650000e+02
   1.8000000e+01   1.4649167e+02
   1.8000000e+01   1.4648333e+02
   1.8000000e+01   1.4647500e+02
   1.8000000e+01   1.4646667e+02
   1.8000000e+01   1.4645833e+02
   1.8000000e+01   1.4645000e+02
   1.8000000e+01   1.4644167e+02
   1.8000000e+01   1.4643333e+02
   1.8000000e+01   1.4642500e+02
   1.8000000e+01   1.4641667e+02
   1.8000000e+01   1.4640833e+02
   1.8000000e+01   1.4640000e+02
   1.8000000e+01   1.4639167e+02
   1.8000000e+01   1.4638333e+02
   1.8000000e+01   1.4637500e+02
   1.8000000e+01   1.4636667e+02
   1.8000000e+01   1.4635833e+02
   1.8000000e+01   1.4635000e+02
   1.8000000e+01   1.4634167e+02
   1.8000000e+01   1.4633333e+02
   1.8000000e+01   1.4632500e+02
   1.8000000e+01   1.4631667e+02
   1.8000000e+01   1.4630833e+02
   1.8000000e+01   1.4630000e+02
   1.8000000e+01   1.4629167e+02
   1.8000000e+01   1.4628333e+02
   1.8000000e+01   1.4627500e+02
   1.8000000e+01   1.4626667e+02
   1.8000000e+01   1.4625833e+02
   1.8000000e+01   1.4625000e+02
   1.8000000e+01   1.4624167e+02
   1.8000000e+01   1.4623333e+02
   1.8000000e+01   1.4622500e+02
   1.8000000e+01   1.4621667e+02
   1.8000000e+01   1.4620833e+02
   1.8000000e+01   1.4620000e+02
   1.8000000e+01   1.4619167e+02
   1.8000000e+01   1.4618333e+02
   1.8000000e+01   1.4617500e+02
   1.8000000e+01   1.4616667e+02
   1.8000000e+01   1.4615833e+02
   1.8000000e+01   1.4615000e+02
   1.8000000e+01   1.4614167e+02
   1.8000000e+01   1.4613333e+02
   1.8000000e+01   1.4612500e+02
   1.8000000e+01   1.4611667e+02
   1.8000000e+01   1.4610833e+02
   1.8000000e+01   1.4610000e+02
   1.8000000e+01   1.4609167e+02
   1.8000000e+01   1.4608333e+02
   1.8000000e+01   1.4607500e+02
   1.8000000e+01   1.4606667e+02
   1.8000000e+01   1.4605833e+02
   1.8000000e+01   1.4605000e+02
   1.8000000e+01   1.4604167e+02
   1.8000000e+01   1.4603333e+02
   1.8000000e+01   1.4602500e+02
   1.8000000e+01   1.4601667e+02
   1.8000000e+01   1.4600833e+02
   1.8000000e+01   1.4600000e+02
   1.8000000e+01   1.4599167e+02
   1.8000000e+01   1.4598333e+02
   1.8000000e+01   1.4597500e+02
   1.8000000e+01   1.4596667e+02
   1.8000000e+01   1.4595833e+02
   1.8000000e+01   1.4595000e+02
   1.8000000e+01   1.4594167e+02
   1.8000000e+01   1.4593333e+02
   1.8000000e+01   1.4592500e+02
   1.8000000e+01   1.4591667e+02
   1.8000000e+01   1.4590833e+02
   1.8000000e+01   1.4590000e+02
   1.8000000e+01   1.4589167e+02
   1.8000000e+01   1.4588333e+02
   1.8000000e+01   1.4587500e+02
   1.8000000e+01   1.4586667e+02
   1.8000000e+01   1.4585833e+02
   1.8000000e+01   1.4585000e+02
   1.8000000e+01   1.4584167e+02
   1.8000000e+01   1.4583333e+02
   1.8000000e+01   1.4582500e+02
   1.8000000e+01   1.4581667e+02
   1.8000000e+01   1.4580833e+02
   1.8000000e+01   1.4580000e+02
   1.8000000e+01   1.4579167e+02
   1.8000000e+01   1.4578333e+02
   1.8000000e+01   1.4577500e+02
   1.8000000e+01   1.4576667e+02
   1.8000000e+01   1.4575833e+02
   1.8000000e+01   1.4575000e+02
   1.8000000e+01   1.4574167e+02
   1.8000000e+01   1.4573333e+02
   1.8000000e+01   1.4572500e+02
   1.8000000e+01   1.4571667e+02
   1.8000000e+01   1.4570833e+02
   1.8000000e+01   1.4570000e+02
   1.8000000e+01   1.4569167e+02
   1.8000000e+01   1.4568333e+02
   1.8000000e+01   1.4567500e+02
   1.8000000e+01   1.4566667e+02
   1.8000000e+01   1.4565833e+02
   1.8000000e+01   1.4565000e+02
   1.8000000e+01   1.4564167e+02
   1.8000000e+01   1.4563333e+02
   1.8000000e+01   1.4562500e+02
   1.8000000e+01   1.4561667e+02
   1.8000000e+01   1.4560833e+02
   1.8000000e+01   1.4560000e+02
   1.8000000e+01   1.4559167e+02
   1.8000000e+01   1.4558333e+02
   1.8000000e+01   1.4557500e+02
   1.8000000e+01   1.4556667e+02
   1.8000000e+01   1.4555833e+02
   1.8000000e+01   1.4555000e+02
   1.8000000e+01   1.4554167e+02
   1.8000000e+01   1.4553333e+02
   1.8000000e+01   1.4552500e+02
   1.8000000e+01   1.4551667e+02
   1.8000000e+01   1.4550833e+02
   1.8000000e+01   1.4550000e+02
   1.8000000e+01   1.4549167e+02
   1.8000000e+01   1.4548333e+02
   1.8000000e+01   1.4547500e+02
   1.8000000e+01   1.4546667e+02
   1.8000000e+01   1.4545833e+02
   1.8000000e+01   1.4545000e+02
   1.8000000e+01   1.4544167e+02
   1.8000000e+01   1.4543333e+02
   1.8000000e+01   1.4542500e+02
   1.8000000e+01   1.4541667e+02
   1.8000000e+01   1.4540833e+02
   1.8000000e+01   1.4540000e+02
   1.8000000e+01   1.4539167e+02
   1.8000000e+01   1.4538333e+02
   1.8000000e+01   1.4537500e+02
   1.8000000e+01   1.4536667e+02
   1.8000000e+01   1.4535833e+02
   1.8000000e+01   1.4535000e+02
   1.8000000e+01   1.4534167e+02
   1.8000000e+01   1.4533333e+02
   1.8000000e+01   1.4532500e+02
   1.8000000e+01   1.4531667e+02
   1.8000000e+01   1.4530833e+02
   1.8000000e+01   1.4530000e+02
   1.8000000e+01   1.4529167e+02
   1.8000000e+01   1.4528333e+02
   1.8000000e+01   1.4527500e+02
   1.8000000e+01   1.4526667e+02
   1.8000000e+01   1.4525833e+02
   1.8000000e+01   1.4525000e+02
   1.8000000e+01   1.4524167e+02
   1.8000000e+01   1.4523333e+02
   1.8000000e+01   1.4522500e+02
   1.8000000e+01   1.4521667e+02
   1.8000000e+01   1.4520833e+02
   1.8000000e+01   1.4520000e+02
   1.8000000e+01   1.4519167e+02
   1.8000000e+01   1.4518333e+02
   1.8000000e+01   1.4517500e+02
   1.8000000e+01   1.4516667e+02
   1.8000000e+01   1.4515833e+02
   1.8000000e+01   1.4515000e+02
   1.8000000e+01   1.4514167e+02
   1.8000000e+01   1.4513333e+02
   1.8000000e+01   1.4512500e+02
   1.8000000e+01   1.4511667e+02
   1.8000000e+01   1.4510833e+02
   1.8000000e+01   1.4510000e+02
   1.8000000e+01   1.4509167e+02
   1.8000000e+01   1.4508333e+02
   1.8000000e+01   1.4507500e+02
   1.8000000e+01   1.4506667e+02
   1.8000000e+01   1.4505833e+02
   1.8000000e+01   1.4505000e+02
   1.8000000e+01   1.4504167e+02
   1.8000000e+01   1.4503333e+02
   1.8000000e+01   1.4502500e+02
   1.8000000e+01   1.4501667e+02
   1.8000000e+01   1.4500833e+02
   1.8000000e+01   1.4500000e+02
   1.8000000e+01   1.4499167e+02
   1.8000000e+01   1.4498333e+02
   1.8000000e+01   1.4497500e+02
   1.8000000e+01   1.4496667e+02
   1.8000000e+01   1.4495833e+02
   1.8000000e+01   1.4495000e+02
   1.8000000e+01   1.4494167e+02
   1.8000000e+01   1.4493333e+02
   1.8000000e+01   1.4492500e+02
   1.8000000e+01   1.4491667e+02
   1.8000000e+01   1.4490833e+02
   1.8000000e+01   1.4490000e+02
   1.8000000e+01   1.4489167e+02
   1.8000000e+01   1.4488333e+02
   1.8000000e+01   1.4487500e+02
   1.8000000e+01   1.4486667e+02
   1.8000000e+01   1.4485833e+02
   1.8000000e+01   1.4485000e+02
   1.8000000e+01   1.4484167e+02
   1.8000000e+01   1.4483333e+02
   1.8000000e+01   1.4482500e+02
   1.8000000e+01   1.4481667e+02
   1.8000000e+01   1.4480833e+02
   1.8000000e+01   1.4480000e+02
   1.8000000e+01   1.4479167e+02
   1.8000000e+01   1.4478333e+02
   1.8000000e+01   1.4477500e+02
   1.8000000e+01   1.4476667e+02
   1.8000000e+01   1.4475833e+02
   1.8000000e+01   1.4475000e+02
   1.8000000e+01   1.4474167e+02
   1.8000000e+01   1.4473333e+02
   1.8000000e+01   1.4472500e+02
   1.8000000e+01   1.4471667e+02
   1.8000000e+01   1.4470833e+02
   1.8000000e+01   1.4470000e+02
   1.8000000e+01   1.4469167e+02
   1.8000000e+01   1.4468333e+02
   1.8000000e+01   1.4467500e+02
   1.8000000e+01   1.4466667e+02
   1.8000000e+01   1.4465833e+02
   1.8000000e+01   1.4465000e+02
   1.8000000e+01   1.4464167e+02
   1.8000000e+01   1.4463333e+02
   1.8000000e+01   1.4462500e+02
   1.8000000e+01   1.4461667e+02
   1.8000000e+01   1.4460833e+02
   1.8000000e+01   1.4460000e+02
   1.8000000e+01   1.4459167e+02
   1.8000000e+01   1.4458333e+02
   1.8000000e+01   1.4457500e+02
   1.8000000e+01   1.4456667e+02
   1.8000000e+01   1.4455833e+02
   1.8000000e+01   1.4455000e+02
   1.8000000e+01   1.4454167e+02
   1.8000000e+01   1.4453333e+02
   1.8000000e+01   1.4452500e+02
   1.8000000e+01   1.4451667e+02
   1.8000000e+01   1.4450833e+02
   1.8000000e+01   1.4450000e+02
   1.8000000e+01   1.4449167e+02
   1.8000000e+01   1.4448333e+02
   1.8000000e+01   1.4447500e+02
   1.8000000e+01   1.4446667e+02
   1.8000000e+01   1.4445833e+02
   1.8000000e+01   1.4445000e+02
   1.8000000e+01   1.4444167e+02
   1.8000000e+01   1.4443333e+02
   1.8000000e+01   1.4442500e+02
   1.8000000e+01   1.4441667e+02
   1.8000000e+01   1.4440833e+02
   1.8000000e+01   1.4440000e+02
   1.8000000e+01   1.4439167e+02
   1.8000000e+01   1.4438333e+02
   1.8000000e+01   1.4437500e+02
   1.8000000e+01   1.4436667e+02
   1.8000000e+01   1.4435833e+02
   1.8000000e+01   1.4435000e+02
   1.8000000e+01   1.4434167e+02
   1.8000000e+01   1.4433333e+02
   1.8000000e+01   1.4432500e+02
   1.8000000e+01   1.4431667e+02
   1.8000000e+01   1.4430833e+02
   1.8000000e+01   1.4430000e+02
   1.8000000e+01   1.4429167e+02
   1.8000000e+01   1.4428333e+02
   1.8000000e+01   1.4427500e+02
   1.8000000e+01   1.4426667e+02
   1.8000000e+01   1.4425833e+02
   1.8000000e+01   1.4425000e+02
   1.8000000e+01   1.4424167e+02
   1.8000000e+01   1.4423333e+02
   1.8000000e+01   1.4422500e+02
   1.8000000e+01   1.4421667e+02
   1.8000000e+01   1.4420833e+02
   1.8000000e+01   1.4420000e+02
   1.8000000e+01   1.4419167e+02
   1.8000000e+01   1.4418333e+02
   1.8000000e+01   1.4417500e+02
   1.8000000e+01   1.4416667e+02
   1.8000000e+01   1.4415833e+02
   1.8000000e+01   1.4415000e+02
   1.8000000e+01   1.4414167e+02
   1.8000000e+01   1.4413333e+02
   1.8000000e+01   1.4412500e+02
   1.8000000e+01   1.4411667e+02
   1.8000000e+01   1.4410833e+02
   1.8000000e+01   1.4410000e+02
   1.8000000e+01   1.4409167e+02
   1.8000000e+01   1.4408333e+02
   1.8000000e+01   1.4407500e+02
   1.8000000e+01   1.4406667e+02
   1.8000000e+01   1.4405833e+02
   1.8000000e+01   1.4405000e+02
   1.8000000e+01   1.4404167e+02
   1.8000000e+01   1.4403333e+02
   1.8000000e+01   1.4402500e+02
   1.8000000e+01   1.4401667e+02
   1.8000000e+01   1.4400833e+02
   1.8000000e+01   1.4400000e+02
   1.8000000e+01   1.4399167e+02
   1.8000000e+01   1.4398333e+02
   1.8000000e+01   1.4397500e+02
   1.8000000e+01   1.4396667e+02
   1.8000000e+01   1.4395833e+02
   1.8000000e+01   1.4395000e+02
   1.8000000e+01   1.4394167e+02
   1.8000000e+01   1.4393333e+02
   1.8000000e+01   1.4392500e+02
   1.8000000e+01   1.4391667e+02
   1.8000000e+01   1.4390833e+02
   1.8000000e+01   1.4390000e+02
   1.8000000e+01   1.4389167e+02
   1.8000000e+01   1.4388333e+02
   1.8000000e+01   1.4387500e+02
   1.8000000e+01   1.4386667e+02
   1.8000000e+01   1.4385833e+02
   1.8000000e+01   1.4385000e+02
   1.8000000e+01   1.4384167e+02
   1.8000000e+01   1.4383333e+02
   1.8000000e+01   1.4382500e+02
   1.8000000e+01   1.4381667e+02
   1.8000000e+01   1.4380833e+02
   1.8000000e+01   1.4380000e+02
   1.8000000e+01   1.4379167e+02
   1.8000000e+01   1.4378333e+02
   1.8000000e+01   1.4377500e+02
   1.8000000e+01   1.4376667e+02
   1.8000000e+01   1.4375833e+02
   1.8000000e+01   1.4375000e+02
   1.8000000e+01   1.4374167e+02
   1.8000000e+01   1.4373333e+02
   1.8000000e+01   1.4372500e+02
   1.8000000e+01   1.4371667e+02
   1.8000000e+01   1.4370833e+02
   1.8000000e+01   1.4370000e+02
   1.8000000e+01   1.4369167e+02
   1.8000000e+01   1.4368333e+02
   1.8000000e+01   1.4367500e+02
   1.8000000e+01   1.4366667e+02
   1.8000000e+01   1.4365833e+02
   1.8000000e+01   1.4365000e+02
   1.8000000e+01   1.4364167e+02
   1.8000000e+01   1.4363333e+02
   1.8000000e+01   1.4362500e+02
   1.8000000e+01   1.4361667e+02
   1.8000000e+01   1.4360833e+02
   1.8000000e+01   1.4360000e+02
   1.8000000e+01   1.4359167e+02
   1.8000000e+01   1.4358333e+02
   1.8000000e+01   1.4357500e+02
   1.8000000e+01   1.4356667e+02
   1.8000000e+01   1.4355833e+02
   1.8000000e+01   1.4355000e+02
   1.8000000e+01   1.4354167e+02
   1.8000000e+01   1.4353333e+02
   1.8000000e+01   1.4352500e+02
   1.8000000e+01   1.4351667e+02
   1.8000000e+01   1.4350833e+02
   1.8000000e+01   1.4350000e+02
   1.8000000e+01   1.4349167e+02
   1.8000000e+01   1.4348333e+02
   1.8000000e+01   1.4347500e+02
   1.8000000e+01   1.4346667e+02
   1.8000000e+01   1.4345833e+02
   1.8000000e+01   1.4345000e+02
   1.8000000e+01   1.4344167e+02
   1.8000000e+01   1.4343333e+02
   1.8000000e+01   1.4342500e+02
   1.8000000e+01   1.4341667e+02
   1.8000000e+01   1.4340833e+02
   1.8000000e+01   1.4340000e+02
   1.8000000e+01   1.4339167e+02
   1.8000000e+01   1.4338333e+02
   1.8000000e+01   1.4337500e+02
   1.8000000e+01   1.4336667e+02
   1.8000000e+01   1.4335833e+02
   1.8000000e+01   1.4335000e+02
   1.8000000e+01   1.4334167e+02
   1.8000000e+01   1.4333333e+02
   1.8000000e+01   1.4332500e+02
   1.8000000e+01   1.4331667e+02
   1.8000000e+01   1.4330833e+02
   1.8000000e+01   1.4330000e+02
   1.8000000e+01   1.4329167e+02
   1.8000000e+01   1.4328333e+02
   1.8000000e+01   1.4327500e+02
   1.8000000e+01   1.4326667e+02
   1.8000000e+01   1.4325833e+02
   1.8000000e+01   1.4325000e+02
   1.8000000e+01   1.4324167e+02
   1.8000000e+01   1.4323333e+02
   1.8000000e+01   1.4322500e+02
   1.8000000e+01   1.4321667e+02
   1.8000000e+01   1.4320833e+02
   1.8000000e+01   1.4320000e+02
   1.8000000e+01   1.4319167e+02
   1.8000000e+01   1.4318333e+02
   1.8000000e+01   1.4317500e+02
   1.8000000e+01   1.4316667e+02
   1.8000000e+01   1.4315833e+02
   1.8000000e+01   1.4315000e+02
   1.8000000e+01   1.4314167e+02
   1.8000000e+01   1.4313333e+02
   1.8000000e+01   1.4312500e+02
   1.8000000e+01   1.4311667e+02
   1.8000000e+01   1.4310833e+02
   1.8000000e+01   1.4310000e+02
   1.8000000e+01   1.4309167e+02
   1.8000000e+01   1.4308333e+02
   1.8000000e+01   1.4307500e+02
   1.8000000e+01   1.4306667e+02
   1.8000000e+01   1.4305833e+02
   1.8000000e+01   1.4305000e+02
   1.8000000e+01   1.4304167e+02
   1.8000000e+01   1.4303333e+02
   1.8000000e+01   1.4302500e+02
   1.8000000e+01   1.4301667e+02
   1.8000000e+01   1.4300833e+02
   1.8000000e+01   1.4300000e+02
   1.8000000e+01   1.4299157e+02
   1.8000000e+01   1.4298314e+02
   1.8000000e+01   1.4297468e+02
   1.8000000e+01   1.4296620e+02
   1.8000000e+01   1.4295771e+02
   1.8000000e+01   1.4294918e+02
   1.8000000e+01   1.4294063e+02
   1.8000000e+01   1.4293204e+02
   1.8000000e+01   1.4292341e+02
   1.8000000e+01   1.4291474e+02
   1.8000000e+01   1.4290601e+02
   1.8000000e+01   1.4289723e+02
   1.8000000e+01   1.4288837e+02
   1.8000000e+01   1.4287942e+02
   1.8000000e+01   1.4287039e+02
   1.8000000e+01   1.4286124e+02
   1.8000000e+01   1.4285197e+02
   1.8000000e+01   1.4284255e+02
   1.8000000e+01   1.4283296e+02
   1.8000000e+01   1.4282318e+02
   1.8000000e+01   1.4281317e+02
   1.8000000e+01   1.4280291e+02
   1.8000000e+01   1.4279235e+02
   1.8000000e+01   1.4278144e+02
   1.8000000e+01   1.4277014e+02
   1.8000000e+01   1.4275839e+02
   1.8000000e+01   1.4274612e+02
   1.8000000e+01   1.4273326e+02
   1.8000000e+01   1.4271972e+02
   1.8000000e+01   1.4270540e+02
   1.8000000e+01   1.4269019e+02
   1.8000000e+01   1.4267398e+02
   1.8000000e+01   1.4265663e+02
   1.8000000e+01   1.4263799e+02
   1.8000000e+01   1.4261789e+02
   1.8000000e+01   1.4259616e+02
   1.8000000e+01   1.4257260e+02
   1.8000000e+01   1.4254700e+02
   1.8000000e+01   1.4251914e+02
   1.8000000e+01   1.4248880e+02
   1.8000000e+01   1.4245573e+02
   1.8000000e+01   1.4241970e+02
   1.8000000e+01   1.4238047e+02
   1.8000000e+01   1.4233781e+02
   1.8000000e+01   1.4229152e+02
   1.8000000e+01   1.4224141e+02
   1.8000000e+01   1.4218730e+02
   1.8000000e+01   1.4212909e+02
   1.8000000e+01   1.4206667e+02
   1.8000000e+01   1.4200000e+02
